8.000000000000000444e-01 3.413838385206702242e-04
6.666666666666666297e-01 2.387690617382531855e-04
5.714285714285713969e-01 1.761805895341694850e-04
5.000000000000000000e-01 1.352672018448686231e-04
4.444444444444444198e-01 1.070838046324240622e-04
4.000000000000000222e-01 8.685754517756549831e-05
3.636363636363636465e-01 7.185639998752435531e-05
3.333333333333333148e-01 6.042624906754667791e-05
3.076923076923077094e-01 5.151859590668550481e-05
2.857142857142856984e-01 4.444296958894256022e-05
2.666666666666666630e-01 3.872975964469560495e-05
2.500000000000000000e-01 3.405061977801437934e-05
2.352941176470588203e-01 3.017041300878986476e-05
2.222222222222222099e-01 2.691719038594442281e-05
2.105263157894736725e-01 2.416286801576461585e-05
2.000000000000000111e-01 2.181045921645363705e-05
1.904761904761904656e-01 1.978543926028919486e-05
1.818181818181818232e-01 1.802978247766873210e-05
1.739130434782608647e-01 1.649776692147497670e-05
1.666666666666666574e-01 1.515297253007474865e-05
1.600000000000000033e-01 1.396609990678143731e-05
1.538461538461538547e-01 1.291336322850611396e-05
1.481481481481481399e-01 1.197529077501258143e-05
1.428571428571428492e-01 1.113581916101225033e-05
1.379310344827586188e-01 1.038160185373726563e-05
1.333333333333333315e-01 9.701475971013451272e-06
1.290322580645161255e-01 9.086047267459207433e-06
1.250000000000000000e-01 8.527364247612467807e-06
1.212121212121212155e-01 8.018660295761037560e-06
1.176470588235294101e-01 7.554147984478731814e-06
1.142857142857142821e-01 7.128853827254033604e-06
1.111111111111111049e-01 6.738484721324766724e-06
1.081081081081081141e-01 6.379319252403092833e-06
1.052631578947368363e-01 6.048118706303284853e-06
1.025641025641025605e-01 5.742053872381802648e-06
1.000000000000000056e-01 5.458644437794646365e-06
9.756097560975610095e-02 5.195708617122818396e-06
9.523809523809523281e-02 4.951321049162515919e-06
9.302325581395348708e-02 4.723777472293022583e-06
9.090909090909091161e-02 4.511564934972511764e-06
8.888888888888889228e-02 4.313336606998063871e-06
8.695652173913043237e-02 4.127890360194896857e-06
8.510638297872340219e-02 3.954150511020770864e-06
8.333333333333332871e-02 3.791152177967660464e-06
8.163265306122448328e-02 3.638027880725758223e-06
8.000000000000000167e-02 3.493995951231454455e-06
7.843137254901960675e-02 3.358350586069036581e-06
7.692307692307692735e-02 3.230453149427603421e-06
7.547169811320754429e-02 3.109724634242638786e-06
7.407407407407406996e-02 2.995639164282692946e-06
7.272727272727272374e-02 2.887718164146235722e-06
7.142857142857142461e-02 2.785525417436929274e-06
7.017543859649122417e-02 2.688662618766102241e-06
6.896551724137930939e-02 2.596765469320416742e-06
6.779661016949152519e-02 2.509500287573018795e-06
6.666666666666666574e-02 2.426560950397060878e-06
6.557377049180328210e-02 2.347666207214160750e-06
6.451612903225806273e-02 2.272557299676236653e-06
6.349206349206348854e-02 2.200995826484586360e-06
6.250000000000000000e-02 2.132761888873346834e-06
6.153846153846154188e-02 2.067652335568936905e-06
6.060606060606060774e-02 2.005479281308453210e-06
5.970149253731343170e-02 1.946068792335609032e-06
5.882352941176470507e-02 1.889259579002100509e-06
5.797101449275362389e-02 1.834901990349635525e-06
5.714285714285714107e-02 1.782856951848543758e-06
5.633802816901408578e-02 1.732995134062775833e-06
5.555555555555555247e-02 1.685196117762188806e-06
5.479452054794520244e-02 1.639347658510814654e-06
5.405405405405405705e-02 1.595345079152821199e-06
5.333333333333333676e-02 1.553090587691485780e-06
5.263157894736841813e-02 1.512492818989130683e-06
5.194805194805195148e-02 1.473466266332934538e-06
5.128205128205128027e-02 1.435930908399996042e-06
5.063291139240506250e-02 1.399811718982846287e-06
5.000000000000000278e-02 1.365038354350645022e-06
4.938271604938271331e-02 1.331544766003389668e-06
4.878048780487805047e-02 1.299268927112962047e-06
4.819277108433735191e-02 1.268152505673469932e-06
4.761904761904761640e-02 1.238140633574857929e-06
4.705882352941176405e-02 1.209181640149381565e-06
4.651162790697674354e-02 1.181226860325068628e-06
4.597701149425287293e-02 1.154230382383047981e-06
4.545454545454545581e-02 1.128148909401716082e-06
4.494382022471909988e-02 1.102941549646629937e-06
4.444444444444444614e-02 1.078569681567387306e-06
4.395604395604395948e-02 1.054996779714656441e-06
4.347826086956521618e-02 1.032188304606052043e-06
4.301075268817204644e-02 1.010111546406733396e-06
4.255319148936170109e-02 9.887355538751307904e-07
4.210526315789473589e-02 9.680309815962573339e-07
4.166666666666666435e-02 9.479699869530122669e-07
4.123711340206185488e-02 9.285261874936168169e-07
4.081632653061224164e-02 9.096745223757807253e-07
4.040404040404040747e-02 8.913911635488602769e-07
4.000000000000000083e-02 8.736535264119993371e-07
3.960396039603960444e-02 8.564400957311590901e-07
3.921568627450980338e-02 8.397304114282633236e-07
3.883495145631067624e-02 8.235050401594889991e-07
3.846153846153846367e-02 8.077453834687275958e-07
3.809523809523809867e-02 7.924338483178416936e-07
3.773584905660377214e-02 7.775535699749980267e-07
3.738317757009345516e-02 7.630885257015052048e-07
3.703703703703703498e-02 7.490233855378392036e-07
3.669724770642202039e-02 7.353435620416348684e-07
3.636363636363636187e-02 7.220350966008481919e-07
3.603603603603603572e-02 7.090846771973247087e-07
3.571428571428571230e-02 6.964795637998122402e-07
3.539823008849557473e-02 6.842076096802429674e-07
3.508771929824561209e-02 6.722571548323230672e-07
3.478260869565217434e-02 6.606170757095242152e-07
3.448275862068965469e-02 6.492767177235236886e-07
3.418803418803419147e-02 6.382258810333496513e-07
3.389830508474576259e-02 6.274547885709580441e-07
3.361344537815125905e-02 6.169540789358052280e-07
3.333333333333333287e-02 6.067147744204248738e-07
3.305785123966942241e-02 5.967282703522869269e-07
3.278688524590164105e-02 5.869863137775155337e-07
3.252032520325203596e-02 5.774809928027480055e-07
3.225806451612903136e-02 5.682046975152843515e-07
3.200000000000000067e-02 5.591501164303736005e-07
3.174603174603174427e-02 5.503102826764916244e-07
3.149606299212598381e-02 5.416784070177982358e-07
3.125000000000000000e-02 5.332480448316800903e-07
3.100775193798449569e-02 5.250129717637719295e-07
3.076923076923077094e-02 5.169671943860976171e-07
3.053435114503816675e-02 5.091049608552111749e-07
3.030303030303030387e-02 5.014207289377736743e-07
3.007518796992481036e-02 4.939091624578395567e-07
2.985074626865671585e-02 4.865651348495703132e-07
2.962962962962963076e-02 4.793836936300976959e-07
2.941176470588235253e-02 4.723600746103784331e-07
2.919708029197080196e-02 4.654896947897668724e-07
2.898550724637681195e-02 4.587681168288781919e-07
2.877697841726618855e-02 4.521910774712978309e-07
2.857142857142857054e-02 4.457544697800130962e-07
2.836879432624113406e-02 4.394543182684174099e-07
2.816901408450704289e-02 4.332868002165923826e-07
2.797202797202797200e-02 4.272482030387436680e-07
2.777777777777777624e-02 4.213349669157651078e-07
2.758620689655172376e-02 4.155436528208156233e-07
2.739726027397260122e-02 4.098709247557508206e-07
2.721088435374149558e-02 4.043135781728324218e-07
2.702702702702702853e-02 3.988684866840230825e-07
2.684563758389261687e-02 3.935326482462642161e-07
2.666666666666666838e-02 3.883031780560486368e-07
2.649006622516556289e-02 3.831772517060016980e-07
2.631578947368420907e-02 3.781521549228727963e-07
2.614379084967320341e-02 3.732252658039669768e-07
2.597402597402597574e-02 3.683940477117175760e-07
2.580645161290322578e-02 3.636560279574041488e-07
2.564102564102564014e-02 3.590088262228618987e-07
2.547770700636942803e-02 3.544501296914859267e-07
2.531645569620253125e-02 3.499777356807953765e-07
2.515723270440251708e-02 3.455894415083093918e-07
2.500000000000000139e-02 3.412831794946669106e-07
2.484472049689440826e-02 3.370568997240752651e-07
2.469135802469135665e-02 3.329086375458700786e-07
2.453987730061349751e-02 3.288364816000921564e-07
2.439024390243902524e-02 3.248385915810558799e-07
2.424242424242424240e-02 3.209131769210671337e-07
2.409638554216867595e-02 3.170584790268549114e-07
2.395209580838323499e-02 3.132728281229901768e-07
2.380952380952380820e-02 3.095545579867575725e-07
2.366863905325443732e-02 3.059021054241384263e-07
2.352941176470588203e-02 3.023139178992551024e-07
2.339181286549707472e-02 2.987884890615077893e-07
2.325581395348837177e-02 2.953243694037155365e-07
2.312138728323699308e-02 2.919201484985478601e-07
2.298850574712643646e-02 2.885744549985247431e-07
2.285714285714285712e-02 2.852859495305892779e-07
2.272727272727272790e-02 2.820533353542487021e-07
2.259887005649717506e-02 2.788753619142880780e-07
2.247191011235954994e-02 2.757507822082061466e-07
2.234636871508379960e-02 2.726784380513436190e-07
2.222222222222222307e-02 2.696571428373317758e-07
2.209944751381215378e-02 2.666857881195028313e-07
2.197802197802197974e-02 2.637632796620437148e-07
2.185792349726775954e-02 2.608885516508507862e-07
2.173913043478260809e-02 2.580605595881024783e-07
2.162162162162162282e-02 2.552783051612550480e-07
2.150537634408602322e-02 2.525407971631921100e-07
2.139037433155080090e-02 2.498471118883571762e-07
2.127659574468085055e-02 2.471962616823475400e-07
2.116402116402116285e-02 2.445873903411666106e-07
2.105263157894736795e-02 2.420196061336810089e-07
2.094240837696335206e-02 2.394920457504667866e-07
2.083333333333333218e-02 2.370038707510957465e-07
2.072538860103627020e-02 2.345542746695628011e-07
2.061855670103092744e-02 2.321424545925765415e-07
2.051282051282051280e-02 2.297676573448370618e-07
2.040816326530612082e-02 2.274291119874760625e-07
2.030456852791878014e-02 2.251260795560483530e-07
2.020202020202020374e-02 2.228578495078181732e-07
2.010050251256281437e-02 2.206237361690455145e-07
2.000000000000000042e-02 2.184230396551356534e-07
1.990049751243781057e-02 2.162551240303400846e-07
1.980198019801980222e-02 2.141193142790598358e-07
1.970443349753694603e-02 2.120149780182600807e-07
1.960784313725490169e-02 2.099415219447564596e-07
1.951219512195121950e-02 2.078983492026509339e-07
1.941747572815533812e-02 2.058848487251907500e-07
1.932367149758454014e-02 2.039004449727599422e-07
1.923076923076923184e-02 2.019446085910203692e-07
1.913875598086124327e-02 2.000167746984971018e-07
1.904761904761904934e-02 1.981164103881383198e-07
1.895734597156398249e-02 1.962430005164605973e-07
1.886792452830188607e-02 1.943960370454078657e-07
1.877934272300469526e-02 1.925750368059198081e-07
1.869158878504672758e-02 1.907795095235087501e-07
1.860465116279069742e-02 1.890089436074049445e-07
1.851851851851851749e-02 1.872629518118174019e-07
1.843317972350230413e-02 1.855410047824079811e-07
1.834862385321101019e-02 1.838427294842404081e-07
1.826484018264840081e-02 1.821676534063954023e-07
1.818181818181818094e-02 1.805153608813725441e-07
1.809954751131221881e-02 1.788854717688082019e-07
1.801801801801801786e-02 1.772775384267788468e-07
1.793721973094170377e-02 1.756911842676345259e-07
1.785714285714285615e-02 1.741260398091526440e-07
1.777777777777777776e-02 1.725817071474011755e-07
1.769911504424778736e-02 1.710578274582985614e-07
1.762114537444934084e-02 1.695540454704769218e-07
1.754385964912280604e-02 1.680700059125683765e-07
1.746724890829694232e-02 1.666053677240597608e-07
1.739130434782608717e-02 1.651598005025789462e-07
1.731601731601731600e-02 1.637329525294717314e-07
1.724137931034482735e-02 1.623245218240754184e-07
1.716738197424892698e-02 1.609341744313042000e-07
1.709401709401709574e-02 1.595616190286364144e-07
1.702127659574468113e-02 1.582065607408367214e-07
1.694915254237288130e-02 1.568686691655329923e-07
1.687763713080168634e-02 1.555477027181950689e-07
1.680672268907562952e-02 1.542433274437371438e-07
1.673640167364016593e-02 1.529553195211974526e-07
1.666666666666666644e-02 1.516833592063449032e-07
1.659751037344398342e-02 1.504271871510809433e-07
1.652892561983471120e-02 1.491865724290164508e-07
1.646090534979424008e-02 1.479612485866255156e-07
1.639344262295082053e-02 1.467509385122411913e-07
1.632653061224489943e-02 1.455554183849017136e-07
1.626016260162601798e-02 1.443744608309316391e-07
1.619433198380566818e-02 1.432078100549460942e-07
1.612903225806451568e-02 1.420552599995517085e-07
1.606425702811244832e-02 1.409165690802183235e-07
1.600000000000000033e-02 1.397914886069884233e-07
1.593625498007968100e-02 1.386798444968917465e-07
1.587301587301587213e-02 1.375814058235391713e-07
1.581027667984189616e-02 1.364959665295373270e-07
1.574803149606299191e-02 1.354233170047791646e-07
1.568627450980392135e-02 1.343632582972986711e-07
1.562500000000000000e-02 1.333156127714119066e-07
1.556420233463035041e-02 1.322801637115844642e-07
1.550387596899224785e-02 1.312567334821324039e-07
1.544401544401544438e-02 1.302451302365170704e-07
1.538461538461538547e-02 1.292451798917682027e-07
1.532567049808429040e-02 1.282567012594881817e-07
1.526717557251908337e-02 1.272795167039930675e-07
1.520912547528517102e-02 1.263134592477399565e-07
1.515151515151515194e-02 1.253583654658996238e-07
1.509433962264150955e-02 1.244140577227881295e-07
1.503759398496240518e-02 1.234803832517172850e-07
1.498127340823970054e-02 1.225571679697168292e-07
1.492537313432835792e-02 1.216442875318080041e-07
1.486988847583643053e-02 1.207415429860247968e-07
1.481481481481481538e-02 1.198488313036705222e-07
1.476014760147601433e-02 1.189659819544885977e-07
1.470588235294117627e-02 1.180928386190771562e-07
1.465201465201465200e-02 1.172292876105984760e-07
1.459854014598540098e-02 1.163751690569370112e-07
1.454545454545454544e-02 1.155303479549729673e-07
1.449275362318840597e-02 1.146946857488728710e-07
1.444043321299639041e-02 1.138680758572263585e-07
1.438848920863309427e-02 1.130503584079178836e-07
1.433691756272401432e-02 1.122414197141097247e-07
1.428571428571428527e-02 1.114411212199684087e-07
1.423487544483985692e-02 1.106493634495109291e-07
1.418439716312056703e-02 1.098660256104722066e-07
1.413427561837455812e-02 1.090909655943050893e-07
1.408450704225352144e-02 1.083240732668855344e-07
1.403508771929824588e-02 1.075652491522305354e-07
1.398601398601398600e-02 1.068143582472202979e-07
1.393728222996515678e-02 1.060713117340128520e-07
1.388888888888888812e-02 1.053359959257704759e-07
1.384083044982699004e-02 1.046082829248007329e-07
1.379310344827586188e-02 1.038880910186890105e-07
1.374570446735395163e-02 1.031753207314523024e-07
1.369863013698630061e-02 1.024698512708255294e-07
1.365187713310580218e-02 1.017716044771077577e-07
1.360544217687074779e-02 1.010804595580339083e-07
1.355932203389830469e-02 1.003963348011893686e-07
1.351351351351351426e-02 9.971913073059113231e-08
1.346801346801346742e-02 9.904875497568355058e-08
1.342281879194630843e-02 9.838512582405201101e-08
1.337792642140468204e-02 9.772814379971350718e-08
1.333333333333333419e-02 9.707770587397135387e-08
1.328903654485049865e-02 9.643374809797933267e-08
1.324503311258278145e-02 9.579616744304075837e-08
1.320132013201320148e-02 9.516489640759573376e-08
1.315789473684210453e-02 9.453985327922964643e-08
1.311475409836065573e-02 9.392093858195948997e-08
1.307189542483660170e-02 9.330807060337065195e-08
1.302931596091205270e-02 9.270119960547162918e-08
1.298701298701298787e-02 9.210021900685205765e-08
1.294498381877022715e-02 9.150508972766147053e-08
1.290322580645161289e-02 9.091568387020743103e-08
1.286173633440514455e-02 9.033196590735315112e-08
1.282051282051282007e-02 8.975383991582930321e-08
1.277955271565495154e-02 8.918125615764438407e-08
1.273885350318471402e-02 8.861412581495642371e-08
1.269841269841269840e-02 8.805238138620552490e-08
1.265822784810126563e-02 8.749598734425489965e-08
1.261829652996845387e-02 8.694483355498050514e-08
1.257861635220125854e-02 8.639886672767715936e-08
1.253918495297805594e-02 8.585804778249439551e-08
1.250000000000000069e-02 8.532226658530817076e-08
1.246105919003115230e-02 8.479149826712273352e-08
1.242236024844720413e-02 8.426566822095082898e-08
1.238390092879257040e-02 8.374470894523255993e-08
1.234567901234567833e-02 8.322856359654906555e-08
1.230769230769230768e-02 8.271717888419516385e-08
1.226993865030674875e-02 8.221049085932463640e-08
1.223241590214067288e-02 8.170844623123230122e-08
1.219512195121951262e-02 8.121098105107193987e-08
1.215805471124620056e-02 8.071804913356572797e-08
1.212121212121212120e-02 8.022960074072216230e-08
1.208459214501510573e-02 7.974555060741295165e-08
1.204819277108433798e-02 7.926589873363809602e-08
1.201201201201201191e-02 7.879053498527355259e-08
1.197604790419161749e-02 7.831945225689196377e-08
1.194029850746268669e-02 7.785257949421975354e-08
1.190476190476190410e-02 7.738984919569702470e-08
1.186943620178041586e-02 7.693125425589641964e-08
1.183431952662721866e-02 7.647670585697596835e-08
1.179941002949852491e-02 7.602619334079463442e-08
1.176470588235294101e-02 7.557962788951044786e-08
1.173020527859237536e-02 7.513699529226869345e-08
1.169590643274853736e-02 7.469826712735994079e-08
1.166180758017492693e-02 7.426334036608750466e-08
1.162790697674418589e-02 7.383219369216931227e-08
1.159420289855072478e-02 7.340480223660961201e-08
1.156069364161849654e-02 7.298113047227161587e-08
1.152737752161383210e-02 7.256108958131335385e-08
1.149425287356321823e-02 7.214466890559378953e-08
1.146131805157593088e-02 7.173183291797613492e-08
1.142857142857142856e-02 7.132253188046888681e-08
1.139601139601139658e-02 7.091669473879846919e-08
1.136363636363636395e-02 7.051433215110591846e-08
1.133144475920679940e-02 7.011539437939973141e-08
1.129943502824858753e-02 6.971982458026104723e-08
1.126760563380281750e-02 6.932759433198043553e-08
1.123595505617977497e-02 6.893866100199375069e-08
1.120448179271708693e-02 6.855299261587788351e-08
1.117318435754189980e-02 6.817056785735076119e-08
1.114206128133704739e-02 6.779129790857041371e-08
1.111111111111111154e-02 6.741520763853259268e-08
1.108033240997229919e-02 6.704224020381843729e-08
1.104972375690607689e-02 6.667236007729115954e-08
1.101928374655647414e-02 6.630550686281821982e-08
1.098901098901098987e-02 6.594169832396801212e-08
1.095890410958904118e-02 6.558087761732167564e-08
1.092896174863387977e-02 6.522298789946034958e-08
1.089918256130790152e-02 6.486804338123874913e-08
1.086956521739130405e-02 6.451598366652433469e-08
1.084010840108401083e-02 6.416678743903503346e-08
1.081081081081081141e-02 6.382039785535198462e-08
1.078167115902965018e-02 6.347681846818886697e-08
1.075268817204301161e-02 6.313600664498153492e-08
1.072386058981233264e-02 6.279792685859320045e-08
1.069518716577540045e-02 6.246257555631018477e-08
1.066666666666666631e-02 6.212986392029051785e-08
1.063829787234042527e-02 6.179984168852570292e-08
1.061007957559681643e-02 6.147242004317376995e-08
1.058201058201058142e-02 6.114760253694839776e-08
1.055408970976253261e-02 6.082535008999911952e-08
1.052631578947368397e-02 6.050563428061650484e-08
1.049868766404199460e-02 6.018844445065951732e-08
1.047120418848167603e-02 5.987374507299136894e-08
1.044386422976501319e-02 5.956149351504791412e-08
1.041666666666666609e-02 5.925167911868811643e-08
1.038961038961038960e-02 5.894428412034358189e-08
1.036269430051813510e-02 5.863926588745016488e-08
1.033591731266149914e-02 5.833661376186682901e-08
1.030927835051546372e-02 5.803629932188414386e-08
1.028277634961439514e-02 5.773831546207475185e-08
1.025641025641025640e-02 5.744258402273771935e-08
1.023017902813299317e-02 5.714914053100983438e-08
1.020408163265306041e-02 5.685793524889959372e-08
1.017811704834605674e-02 5.656894330741124577e-08
1.015228426395939007e-02 5.628216470654479053e-08
1.012658227848101285e-02 5.599753905016768840e-08
1.010101010101010187e-02 5.571509120727569098e-08
1.007556675062972265e-02 5.543476433444993745e-08
1.005025125628140718e-02 5.515654777354939142e-08
1.002506265664160345e-02 5.488041310286462249e-08
1.000000000000000021e-02 5.460636387510930945e-08
9.975062344139650622e-03 5.433434324686459149e-08
9.950248756218905283e-03 5.406437608712622023e-08
9.925558312655086840e-03 5.379640910518901364e-08
9.900990099009901110e-03 5.353041387934354134e-08
9.876543209876543009e-03 5.326638685687612451e-08
9.852216748768473017e-03 5.300430672150469036e-08
9.828009828009827767e-03 5.274417347322923888e-08
9.803921568627450844e-03 5.248593737405826687e-08
9.779951100244498735e-03 5.222959842399177433e-08
9.756097560975609748e-03 5.197512109589297324e-08
9.732360097323601231e-03 5.172251249518922123e-08
9.708737864077669061e-03 5.147176196373948187e-08
9.685230024213075523e-03 5.122279489455650037e-08
9.661835748792270070e-03 5.097563970934970712e-08
9.638554216867470728e-03 5.073026798640967172e-08
9.615384615384615918e-03 5.048667617302271537e-08
9.592326139088728360e-03 5.024481808391101367e-08
9.569377990430621636e-03 5.000470437721560302e-08
9.546539379474940773e-03 4.976629242037233780e-08
9.523809523809524669e-03 4.952959642423593323e-08
9.501187648456057427e-03 4.929458796709695889e-08
9.478672985781991245e-03 4.906124217995966319e-08
9.456264775413711354e-03 4.882954840468300972e-08
9.433962264150943036e-03 4.859948532498492568e-08
9.411764705882352117e-03 4.837107070443380508e-08
9.389671361502347630e-03 4.814422283061503549e-08
9.367681498829039805e-03 4.791900209966115654e-08
9.345794392523363789e-03 4.769535166815330740e-08
9.324009324009324001e-03 4.747325021980941528e-08
9.302325581395348708e-03 4.725268354377476498e-08
9.280742459396751354e-03 4.703367650904510811e-08
9.259259259259258745e-03 4.681618648305629904e-08
9.237875288683602623e-03 4.660018859681258618e-08
9.216589861751152066e-03 4.638567929760029074e-08
9.195402298850574585e-03 4.617266569084677030e-08
9.174311926605505096e-03 4.596109803856052167e-08
9.153318077803203681e-03 4.575100831516465405e-08
9.132420091324200406e-03 4.554231836095823382e-08
9.111617312072892508e-03 4.533509923021483701e-08
9.090909090909090468e-03 4.512925499966513598e-08
9.070294784580499106e-03 4.492481409101856116e-08
9.049773755656109406e-03 4.472176939884775493e-08
9.029345372460495858e-03 4.452011026501168089e-08
9.009009009009008931e-03 4.431978339880515705e-08
8.988764044943821016e-03 4.412081722193761379e-08
8.968609865470851886e-03 4.392318331269962073e-08
8.948545861297538956e-03 4.372688522380485665e-08
8.928571428571428076e-03 4.353189453354389116e-08
8.908685968819598719e-03 4.333820058377568785e-08
8.888888888888888881e-03 4.314581758535496192e-08
8.869179600886917952e-03 4.295467803672181617e-08
8.849557522123893682e-03 4.276482457044039620e-08
8.830022075055187630e-03 4.257623231751495041e-08
8.810572687224670421e-03 4.238887996166340599e-08
8.791208791208791201e-03 4.220274618660369015e-08
8.771929824561403022e-03 4.201785230861787568e-08
8.752735229759299462e-03 4.183418411685124738e-08
8.733624454148471161e-03 4.165169542602598085e-08
8.714596949891068381e-03 4.147040755242414889e-08
8.695652173913043584e-03 4.129028852162264229e-08
8.676789587852494837e-03 4.111134899176249746e-08
8.658008658008658001e-03 4.093357475198899920e-08
8.639308855291577202e-03 4.075694448602007469e-08
8.620689655172413673e-03 4.058146885199676035e-08
8.602150537634408595e-03 4.040710521735491056e-08
8.583690987124463490e-03 4.023387489837659814e-08
8.565310492505353798e-03 4.006175302606607147e-08
8.547008547008547868e-03 3.989072894228229416e-08
8.528784648187633100e-03 3.972079909431158740e-08
8.510638297872340566e-03 3.955195637672659359e-08
8.492569002123142100e-03 3.938418657867259753e-08
8.474576271186440649e-03 3.921747548929488403e-08
8.456659619450317480e-03 3.905183376673448947e-08
8.438818565400843172e-03 3.888724009470934107e-08
8.421052631578947179e-03 3.872366249879632960e-08
8.403361344537814762e-03 3.856113650613224308e-08
8.385744234800839025e-03 3.839962658958029351e-08
8.368200836820082963e-03 3.823914340728151728e-08
8.350730688935281004e-03 3.807963366853073239e-08
8.333333333333333218e-03 3.792113645317840565e-08
8.316008316008316470e-03 3.776361623408774904e-08
8.298755186721991708e-03 3.760708011668612016e-08
8.281573498964803909e-03 3.745153165368719783e-08
8.264462809917355601e-03 3.729692110709947883e-08
8.247422680412371324e-03 3.714328400405975117e-08
8.230452674897120041e-03 3.699058126471754804e-08
8.213552361396304208e-03 3.683883065264126344e-08
8.196721311475410263e-03 3.668801795697618218e-08
8.179959100204499747e-03 3.653810765058551624e-08
8.163265306122449716e-03 3.638913170789237483e-08
8.146639511201628561e-03 3.624106170718732756e-08
8.130081300813008990e-03 3.609389054304301681e-08
8.113590263691683457e-03 3.594760045189104858e-08
8.097165991902834092e-03 3.580221985544085328e-08
8.080808080808080801e-03 3.565769191027357010e-08
8.064516129032257841e-03 3.551406280166702345e-08
8.048289738430584178e-03 3.537130410791178292e-08
8.032128514056224161e-03 3.522940161815313331e-08
8.016032064128255849e-03 3.508833046339532302e-08
8.000000000000000167e-03 3.494811195992042485e-08
7.984031936127743839e-03 3.480874966044211760e-08
