1.000000000000000000e+00 9.774399031704206209e-02
8.000000000000000444e-01 8.414368907451574842e-02
6.666666666666666297e-01 2.054426840727074932e-02
5.714285714285713969e-01 2.221257785636865378e-02
5.000000000000000000e-01 6.647862143054794615e-03
4.444444444444444198e-01 7.932685751239176852e-03
4.000000000000000222e-01 2.751756965803764388e-03
3.636363636363636465e-01 3.436273621389318578e-03
3.333333333333333148e-01 1.334694827381355253e-03
3.076923076923077094e-01 1.701216370996405658e-03
2.857142857142856984e-01 7.229456888424579120e-04
2.666666666666666630e-01 9.286492178404159858e-04
2.500000000000000000e-01 4.247375300678868371e-04
2.352941176470588203e-01 5.460902709906179098e-04
2.222222222222222099e-01 2.655738452581601905e-04
2.105263157894736725e-01 3.404783290505974946e-04
2.000000000000000111e-01 1.744369477592044859e-04
1.904761904761904656e-01 2.225354226546016889e-04
1.818181818181818232e-01 1.192409619967804701e-04
1.739130434782608647e-01 1.512024315424298493e-04
1.666666666666666574e-01 8.424486979663470265e-05
1.600000000000000033e-01 1.061238044748336051e-04
1.538461538461538547e-01 6.119373933088922968e-05
1.481481481481481399e-01 7.656387638022010833e-05
1.428571428571428492e-01 4.551310800593455497e-05
1.379310344827586188e-01 5.655901539824981228e-05
1.333333333333333315e-01 3.454771752586793809e-05
1.290322580645161255e-01 4.264690745969801355e-05
1.250000000000000000e-01 2.669411942335386811e-05
1.212121212121212155e-01 3.273952851401418229e-05
1.176470588235294101e-01 2.095038292893036669e-05
1.142857142857142821e-01 2.553528340243360617e-05
1.111111111111111049e-01 1.667150628037461502e-05
1.081081081081081141e-01 2.019888243509626591e-05
1.052631578947368363e-01 1.343123067343299226e-05
1.025641025641025605e-01 1.618031657812935009e-05
1.000000000000000056e-01 1.094122706035705050e-05
9.756097560975610095e-02 1.310902420925685874e-05
9.523809523809523281e-02 9.002370031652162652e-06
9.302325581395348708e-02 1.073015647534703021e-05
9.090909090909091161e-02 7.474548191055419011e-06
8.888888888888889228e-02 8.865163067639514338e-06
8.695652173913043237e-02 6.257496949046981172e-06
8.510638297872340219e-02 7.386828198008288382e-06
8.333333333333332871e-02 5.278358724325471485e-06
8.163265306122448328e-02 6.203113052549724671e-06
8.000000000000000167e-02 4.483446236491772652e-06
7.843137254901960675e-02 5.246490022869920722e-06
7.692307692307692735e-02 3.832688815208484812e-06
7.547169811320754429e-02 4.466774218059299528e-06
7.407407407407406996e-02 3.295824846816231002e-06
7.272727272727272374e-02 3.826225395187066169e-06
7.142857142857142461e-02 2.849751211897455505e-06
7.017543859649122417e-02 3.296149845510853993e-06
6.896551724137930939e-02 2.476651793870132678e-06
6.779661016949152519e-02 2.854509670413563072e-06
6.666666666666666574e-02 2.162658951476714719e-06
6.557377049180328210e-02 2.484218676102045720e-06
6.451612903225806273e-02 1.896884381125119035e-06
6.349206349206348854e-02 2.171913010329262761e-06
6.250000000000000000e-02 1.670709561807370847e-06
6.153846153846154188e-02 1.907054237193506196e-06
6.060606060606060774e-02 1.477260759941145807e-06
5.970149253731343170e-02 1.681267914221962201e-06
5.882352941176470507e-02 1.311016795568775706e-06
5.797101449275362389e-02 1.487851253756389269e-06
5.714285714285714107e-02 1.167513254074492579e-06
5.633802816901408578e-02 1.321402947951355600e-06
5.555555555555555247e-02 1.043117521248859703e-06
5.479452054794520244e-02 1.177542728214575618e-06
5.405405405405405705e-02 9.348562954869521491e-07
5.333333333333333676e-02 1.052696941172825973e-06
5.263157894736841813e-02 8.402822757602734782e-07
5.194805194805195148e-02 9.439333794603044225e-07
5.128205128205128027e-02 7.573705538277408778e-07
5.063291139240506250e-02 8.488332419176458643e-07
5.000000000000000278e-02 6.844371824854533770e-07
4.938271604938271331e-02 7.653910856220136338e-07
4.878048780487805047e-02 6.200751911933366500e-07
4.819277108433735191e-02 6.919360941992636072e-07
4.761904761904761640e-02 5.631037289788309863e-07
4.705882352941176405e-02 6.270698236221505795e-07
4.651162790697674354e-02 5.125274569195426011e-07
4.597701149425287293e-02 5.696167768576287926e-07
4.545454545454545581e-02 4.675039484425269620e-07
4.494382022471909988e-02 5.185846525534998364e-07
4.444444444444444614e-02 4.273174489810571686e-07
4.395604395604395948e-02 4.731325269347053109e-07
4.347826086956521618e-02 3.913575703506921855e-07
4.301075268817204644e-02 4.325450149167409108e-07
4.255319148936170109e-02 3.591019392956695810e-07
4.210526315789473589e-02 3.962113517275156482e-07
4.166666666666666435e-02 3.301019511070535373e-07
4.123711340206185488e-02 3.636083114599841792e-07
4.081632653061224164e-02 3.039711344854367780e-07
4.040404040404040747e-02 3.342861241151240392e-07
4.000000000000000083e-02 2.803755023705889471e-07
3.960396039603960444e-02 3.078569505987616139e-07
3.921568627450980338e-02 2.590255405721109128e-07
3.883495145631067624e-02 2.839853401326308813e-07
3.846153846153846367e-02 2.396695997219921992e-07
3.809523809523809867e-02 2.623803609935748682e-07
3.773584905660377214e-02 2.220883068559942330e-07
3.738317757009345516e-02 2.427888254885601782e-07
3.703703703703703498e-02 2.060899575440089393e-07
3.669724770642202039e-02 2.249900070694366150e-07
3.636363636363636187e-02 1.915065688251615938e-07
3.603603603603603572e-02 2.087907908787656197e-07
3.571428571428571230e-02 1.781905787368032179e-07
3.539823008849557473e-02 1.940219362950301729e-07
3.508771929824561209e-02 1.660120894086958288e-07
3.478260869565217434e-02 1.805346734329305036e-07
3.448275862068965469e-02 1.548564654285655706e-07
3.418803418803419147e-02 1.681979746592787706e-07
3.389830508474576259e-02 1.446223265588741924e-07
3.361344537815125905e-02 1.568961387476974778e-07
3.333333333333333287e-02 1.352198211179711507e-07
3.305785123966942241e-02 1.465268546496645286e-07
3.278688524590164105e-02 1.265691551566305861e-07
3.252032520325203596e-02 1.369993576361139276e-07
3.225806451612903136e-02 1.185993241392679920e-07
3.200000000000000067e-02 1.282330188701052975e-07
3.174603174603174427e-02 1.112470435771228949e-07
3.149606299212598381e-02 1.201561090624636563e-07
3.125000000000000000e-02 1.044557649265698274e-07
3.100775193798449569e-02 1.127046296289790916e-07
3.076923076923077094e-02 9.817489399210899137e-08
3.053435114503816675e-02 1.058213925375639519e-07
3.030303030303030387e-02 9.235907683091681974e-08
3.007518796992481036e-02 9.945523871124350990e-08
2.985074626865671585e-02 8.696760289694793755e-08
2.962962962962963076e-02 9.356027774742869951e-08
2.941176470588235253e-02 8.196386502845598443e-08
2.919708029197080196e-02 8.809530172015911376e-08
2.898550724637681195e-02 7.731486562079226132e-08
2.877697841726618855e-02 8.302325937847854220e-08
2.857142857142857054e-02 7.299084714418313524e-08
2.836879432624113406e-02 7.831073745023786614e-08
2.816901408450704289e-02 6.896494042507583799e-08
2.797202797202797200e-02 7.392762313429557253e-08
2.777777777777777624e-02 6.521280226934322855e-08
2.758620689655172376e-02 6.984668132758997672e-08
2.739726027397260122e-02 6.171241295760410139e-08
2.721088435374149558e-02 6.604327396075859724e-08
2.702702702702702853e-02 5.844376360641945212e-08
2.684563758389261687e-02 6.249507222833017295e-08
2.666666666666666838e-02 5.538868208532221615e-08
2.649006622516556289e-02 5.918181500419450458e-08
2.631578947368420907e-02 5.253062340671021957e-08
2.614379084967320341e-02 5.608509923149540555e-08
2.597402597402597574e-02 4.985457735529053025e-08
2.580645161290322578e-02 5.318815610166893748e-08
2.564102564102564014e-02 4.734676650741675985e-08
2.547770700636942803e-02 5.047574092031936743e-08
2.531645569620253125e-02 4.499469241636688821e-08
2.515723270440251708e-02 4.793393060253947624e-08
2.500000000000000139e-02 4.278687271153103211e-08
2.484472049689440826e-02 4.555000643335915811e-08
2.469135802469135665e-02 4.071281267670201487e-08
2.453987730061349751e-02 4.331238301347184461e-08
2.439024390243902524e-02 3.876293774851546914e-08
2.424242424242424240e-02 4.121039509641377663e-08
2.409638554216867595e-02 3.692839101177014527e-08
2.395209580838323499e-02 3.923431535213239840e-08
2.380952380952380820e-02 3.520110425370148732e-08
2.366863905325443732e-02 3.737519094215713267e-08
2.352941176470588203e-02 3.357364519729344465e-08
2.339181286549707472e-02 3.562482575603098667e-08
2.325581395348837177e-02 3.203916065785961109e-08
2.312138728323699308e-02 3.397569159346858214e-08
2.298850574712643646e-02 3.059134101590643695e-08
2.285714285714285712e-02 3.242083224108682771e-08
2.272727272727272790e-02 2.922438824271011981e-08
2.259887005649717506e-02 3.095385281426388246e-08
2.247191011235954994e-02 2.793294129332934972e-08
2.234636871508379960e-02 2.956888067728868918e-08
2.222222222222222307e-02 2.671205479032323638e-08
2.209944751381215378e-02 2.826045530923693150e-08
2.197802197802197974e-02 2.555714928575980593e-08
2.185792349726775954e-02 2.702357804196253710e-08
2.173913043478260809e-02 2.446397218136553420e-08
2.162162162162162282e-02 2.585360192597363493e-08
2.150537634408602322e-02 2.342864746651684982e-08
2.139037433155080090e-02 2.474622107229151879e-08
2.127659574468085055e-02 2.244750163526987308e-08
2.116402116402116285e-02 2.369747775787800492e-08
2.105263157894736795e-02 2.151718092591181630e-08
2.094240837696335206e-02 2.270368426593449840e-08
2.083333333333333218e-02 2.063456605583269265e-08
2.072538860103627020e-02 2.176141578047463554e-08
2.061855670103092744e-02 1.979675090524324332e-08
2.051282051282051280e-02 2.086750328089692630e-08
2.040816326530612082e-02 1.900102120089286473e-08
2.030456852791878014e-02 2.001899446213428746e-08
2.020202020202020374e-02 1.824488293777903891e-08
2.010050251256281437e-02 1.921317149822243664e-08
2.000000000000000042e-02 1.752597711401904235e-08
1.990049751243781057e-02 1.844746222445792228e-08
1.980198019801980222e-02 1.684213302155512793e-08
1.970443349753694603e-02 1.771950763895802083e-08
1.960784313725490169e-02 1.619131495544934296e-08
1.951219512195121950e-02 1.702709795381451841e-08
1.941747572815533812e-02 1.557163287202456559e-08
1.932367149758454014e-02 1.636815838423899550e-08
1.923076923076923184e-02 1.498133528343714715e-08
1.913875598086124327e-02 1.574077757027225744e-08
1.904761904761904934e-02 1.441873109797597863e-08
1.895734597156398249e-02 1.514316494422018877e-08
1.886792452830188607e-02 1.388227843790446059e-08
1.877934272300469526e-02 1.457362230894432287e-08
1.869158878504672758e-02 1.337055621775107284e-08
1.860465116279069742e-02 1.403060068128070270e-08
1.851851851851851749e-02 1.288219664274947718e-08
1.843317972350230413e-02 1.351262568505262607e-08
1.834862385321101019e-02 1.241593849954369944e-08
1.826484018264840081e-02 1.301832597278007597e-08
1.818181818181818094e-02 1.197057031276926864e-08
1.809954751131221881e-02 1.254641901482500543e-08
1.801801801801801786e-02 1.154500495204047184e-08
1.793721973094170377e-02 1.209568978310926468e-08
1.785714285714285615e-02 1.113817660325366887e-08
1.777777777777777776e-02 1.166500851468299516e-08
1.769911504424778736e-02 1.074911892828822602e-08
1.762114537444934084e-02 1.125333781715198711e-08
1.754385964912280604e-02 1.037689401073293993e-08
1.746724890829694232e-02 1.085963674540835200e-08
1.739130434782608717e-02 1.002064919930489850e-08
1.731601731601731600e-02 1.048301356831871090e-08
1.724137931034482735e-02 9.679553159003262408e-09
1.716738197424892698e-02 1.012256589660864847e-08
1.709401709401709574e-02 9.352863372669162345e-09
1.702127659574468113e-02 9.777473053418361815e-09
1.694915254237288130e-02 9.039823112289013807e-09
1.687763713080168634e-02 9.446949889024836011e-09
1.680672268907562952e-02 8.739771573118559900e-09
1.673640167364016593e-02 9.130278755264953361e-09
1.666666666666666644e-02 8.452079924836652935e-09
1.659751037344398342e-02 8.826773978398705367e-09
1.652892561983471120e-02 8.176119337122145225e-09
1.646090534979424008e-02 8.535760542827119934e-09
1.639344262295082053e-02 7.911335586641143891e-09
1.632653061224489943e-02 8.256641592652158579e-09
1.626016260162601798e-02 7.657185108200792456e-09
1.619433198380566818e-02 7.988823824689461617e-09
1.612903225806451568e-02 7.413145652890307247e-09
1.606425702811244832e-02 7.731774331887208973e-09
1.600000000000000033e-02 7.178769578786159400e-09
1.593625498007968100e-02 7.484988628903010977e-09
1.587301587301587213e-02 6.953559505973316845e-09
1.581027667984189616e-02 7.247958677680799155e-09
1.574803149606299191e-02 6.737128188660790329e-09
1.568627450980392135e-02 7.020243941724402248e-09
1.562500000000000000e-02 6.529056406634481391e-09
1.556420233463035041e-02 6.801400331823970191e-09
1.550387596899224785e-02 6.328949808676043176e-09
1.544401544401544438e-02 6.591012180479083327e-09
1.538461538461538547e-02 6.136453123417595634e-09
1.532567049808429040e-02 6.388688689185073599e-09
1.526717557251908337e-02 5.951211079491258715e-09
1.520912547528517102e-02 6.194074586574060959e-09
1.515151515151515194e-02 5.772918143520655576e-09
1.509433962264150955e-02 6.006811048564486555e-09
1.503759398496240518e-02 5.601240360419978970e-09
1.498127340823970054e-02 5.826567672784221941e-09
1.492537313432835792e-02 5.435904171235961257e-09
1.486988847583643053e-02 5.653028267715853872e-09
1.481481481481481538e-02 5.276632464301656000e-09
1.476014760147601433e-02 5.485908616265078308e-09
1.470588235294117627e-02 5.123137469809080358e-09
1.465201465201465200e-02 5.324917395910233608e-09
1.459854014598540098e-02 4.975184708655433496e-09
1.454545454545454544e-02 5.169784600411730935e-09
1.449275362318840597e-02 4.832539701737914584e-09
1.444043321299639041e-02 5.020261539812054252e-09
1.438848920863309427e-02 4.694975075381080387e-09
1.433691756272401432e-02 4.876095971440008725e-09
1.428571428571428527e-02 4.562259903195808874e-09
1.423487544483985692e-02 4.737071179761187523e-09
1.418439716312056703e-02 4.434205891357123619e-09
1.413427561837455812e-02 4.602966896527505014e-09
1.408450704225352144e-02 4.310621193326369394e-09
1.403508771929824588e-02 4.473580617059269571e-09
1.398601398601398600e-02 4.191296198996496969e-09
1.393728222996515678e-02 4.348692073108395562e-09
1.388888888888888812e-02 4.076074588965639123e-09
1.384083044982699004e-02 4.228144945273015765e-09
1.379310344827586188e-02 3.964796491118249833e-09
1.374570446735395163e-02 4.111726070732402150e-09
1.369863013698630061e-02 3.857280717056710273e-09
1.365187713310580218e-02 3.999303999080439098e-09
1.360544217687074779e-02 3.753388710947547224e-09
1.355932203389830469e-02 3.890686883778471383e-09
1.351351351351351426e-02 3.652978364243608667e-09
1.346801346801346742e-02 3.785732616279346985e-09
1.342281879194630843e-02 3.555889804829348577e-09
1.337792642140468204e-02 3.684299088035913883e-09
1.333333333333333419e-02 3.462020004008081742e-09
1.328903654485049865e-02 3.586240637787341257e-09
1.324503311258278145e-02 3.371209089664262137e-09
1.320132013201320148e-02 3.491415156986477086e-09
1.315789473684210453e-02 3.283361138528562151e-09
1.311475409836065573e-02 3.399705406081920955e-09
1.307189542483660170e-02 3.198369569190617767e-09
1.302931596091205270e-02 3.310987040094914846e-09
1.298701298701298787e-02 3.116102931244313368e-09
1.294498381877022715e-02 3.225142819474058342e-09
1.290322580645161289e-02 3.036458195992963738e-09
1.286173633440514455e-02 3.142055504667951027e-09
1.282051282051282007e-02 2.959346545594598865e-09
1.277955271565495154e-02 3.061632725120944087e-09
1.273885350318471402e-02 2.884675609493569937e-09
1.269841269841269840e-02 2.983771452136352309e-09
1.265822784810126563e-02 2.812328148138476536e-09
1.261829652996845387e-02 2.908354446162775275e-09
1.257861635220125854e-02 2.742247318110457854e-09
1.253918495297805594e-02 2.835314205640315777e-09
1.250000000000000069e-02 2.674333643426507479e-09
1.246105919003115230e-02 2.764554807299646200e-09
1.242236024844720413e-02 2.608494753530976595e-09
1.238390092879257040e-02 2.695994538726154133e-09
1.234567901234567833e-02 2.544684463146040798e-09
1.230769230769230768e-02 2.629530371223154361e-09
1.226993865030674875e-02 2.482813954429730074e-09
1.223241590214067288e-02 2.565109014085464878e-09
1.219512195121951262e-02 2.422815725822147215e-09
1.215805471124620056e-02 2.502648754898473271e-09
1.212121212121212120e-02 2.364611617622358608e-09
1.208459214501510573e-02 2.442071433961245930e-09
1.204819277108433798e-02 2.308148339125182247e-09
1.201201201201201191e-02 2.383316655141243245e-09
1.197604790419161749e-02 2.253358388770720921e-09
1.194029850746268669e-02 2.326324022305925610e-09
1.190476190476190410e-02 2.200177817712756223e-09
1.186943620178041586e-02 2.271026033895395813e-09
1.183431952662721866e-02 2.148563993387142546e-09
1.179941002949852491e-02 2.217351635636077845e-09
1.176470588235294101e-02 2.098460072375019081e-09
1.173020527859237536e-02 2.165261747677504900e-09
1.169590643274853736e-02 2.049798553116488620e-09
1.166180758017492693e-02 2.114688868459779769e-09
1.162790697674418589e-02 2.002540355761084356e-09
1.159420289855072478e-02 2.065583259991399245e-09
1.156069364161849654e-02 1.956635742317303084e-09
1.152737752161383210e-02 2.017888078853502520e-09
1.149425287356321823e-02 1.912049185648356797e-09
1.146131805157593088e-02 1.971578456050337991e-09
1.142857142857142856e-02 1.868720289621705888e-09
1.139601139601139658e-02 1.926579784594650846e-09
1.136363636363636395e-02 1.826613527100562351e-09
1.133144475920679940e-02 1.882863642777010682e-09
1.129943502824858753e-02 1.785682712807101780e-09
1.126760563380281750e-02 1.840369634464877890e-09
1.123595505617977497e-02 1.745885214177178568e-09
1.120448179271708693e-02 1.799069337948822067e-09
1.117318435754189980e-02 1.707206820356077515e-09
1.114206128133704739e-02 1.758923673378376407e-09
1.111111111111111154e-02 1.669580029783901409e-09
1.108033240997229919e-02 1.719890008189395303e-09
1.104972375690607689e-02 1.632983526178577449e-09
1.101928374655647414e-02 1.681939920672448352e-09
1.098901098901098987e-02 1.597399545971711632e-09
1.095890410958904118e-02 1.645020120122353546e-09
1.092896174863387977e-02 1.562764140317085548e-09
1.089918256130790152e-02 1.609105737543359282e-09
1.086956521739130405e-02 1.529063098359983996e-09
1.084010840108401083e-02 1.574175456653392757e-09
1.081081081081081141e-02 1.496275103818334173e-09
1.078167115902965018e-02 1.540190197601987165e-09
1.075268817204301161e-02 1.464357524127990473e-09
1.072386058981233264e-02 1.507114433252354502e-09
1.069518716577540045e-02 1.433278384865843691e-09
1.066666666666666631e-02 1.474916189181385562e-09
1.063829787234042527e-02 1.403023475177178625e-09
1.061007957559681643e-02 1.443570596393328742e-09
1.058201058201058142e-02 1.373564373352564871e-09
1.055408970976253261e-02 1.413059891319790040e-09
1.052631578947368397e-02 1.344872657682572026e-09
1.049868766404199460e-02 1.383352099537660251e-09
1.047120418848167603e-02 1.316934117312484886e-09
1.044386422976501319e-02 1.354418799337508972e-09
1.041666666666666609e-02 1.289709672391836648e-09
1.038961038961038960e-02 1.326235121723584598e-09
1.036269430051813510e-02 1.263192217493269709e-09
1.033591731266149914e-02 1.298786855841171928e-09
1.030927835051546372e-02 1.237342672766317264e-09
1.028277634961439514e-02 1.272034921839804156e-09
1.025641025641025640e-02 1.212157485497300513e-09
1.023017902813299317e-02 1.245986425146838883e-09
1.020408163265306041e-02 1.187601128549431451e-09
1.017811704834605674e-02 1.220588075057094102e-09
1.015228426395939007e-02 1.163670049209031276e-09
1.012658227848101285e-02 1.195829213429533411e-09
1.010101010101010187e-02 1.140353589335063589e-09
1.007556675062972265e-02 1.171695629409441608e-09
1.005025125628140718e-02 1.117598458222346380e-09
1.002506265664160345e-02 1.148169559428424691e-09
1.000000000000000021e-02 1.095411761298237252e-09
9.975062344139650622e-03 1.125236792631767457e-09
9.950248756218905283e-03 1.073772182280663401e-09
9.925558312655086840e-03 1.102872460023718304e-09
9.900990099009901110e-03 1.052676168455946026e-09
9.876543209876543009e-03 1.081055245322204428e-09
9.852216748768473017e-03 1.032084639973618323e-09
9.828009828009827767e-03 1.059781595813547028e-09
9.803921568627450844e-03 1.011990491406322690e-09
9.779951100244498735e-03 1.039023089788315701e-09
9.756097560975609748e-03 9.923901700403803261e-10
9.732360097323601231e-03 1.018779727246510447e-09
9.708737864077669061e-03 9.732517014526820276e-10
9.685230024213075523e-03 9.990195337650220608e-10
9.661835748792270070e-03 9.545857437842641957e-10
9.638554216867470728e-03 9.797354039164929418e-10
9.615384615384615918e-03 9.363674280393752269e-10
9.592326139088728360e-03 9.609060214188502869e-10
9.569377990430621636e-03 9.185683325085847173e-10
9.546539379474940773e-03 9.425491498404880986e-10
9.523809523809524669e-03 9.012097734739654697e-10
9.501187648456057427e-03 9.246114984762243694e-10
9.478672985781991245e-03 8.842420129440142773e-10
9.456264775413711354e-03 9.070966200397378998e-10
9.433962264150943036e-03 8.676650509187311400e-10
9.411764705882352117e-03 8.899938563899922883e-10
9.389671361502347630e-03 8.514930982528312597e-10
9.367681498829039805e-03 8.733067602406663354e-10
9.345794392523363789e-03 8.356799696684902301e-10
9.324009324009324001e-03 8.569998044549720362e-10
9.302325581395348708e-03 8.202469814477808541e-10
9.280742459396751354e-03 8.410694363192305900e-10
9.259259259259258745e-03 8.051586064539151266e-10
9.237875288683602623e-03 8.255121031197631964e-10
9.216589861751152066e-03 7.904219501142506488e-10
9.195402298850574585e-03 8.103171467155334540e-10
9.174311926605505096e-03 7.760263542877510190e-10
9.153318077803203681e-03 7.954596981107897591e-10
9.132420091324200406e-03 7.619327391239494318e-10
9.111617312072892508e-03 7.809397573055321118e-10
9.090909090909090468e-03 7.481766317596338922e-10
9.070294784580499106e-03 7.667608770134393126e-10
9.049773755656109406e-03 7.347367159127315972e-10
9.029345372460495858e-03 7.528910828114021569e-10
9.009009009009008931e-03 7.215810171601333423e-10
8.988764044943821016e-03 7.393516909814934479e-10
8.968609865470851886e-03 7.087272990702331299e-10
8.948545861297538956e-03 7.260929635322099784e-10
8.928571428571428076e-03 6.961542453609581571e-10
8.908685968819598719e-03 7.131433221729821526e-10
8.888888888888888881e-03 6.838618560323084239e-10
8.869179600886917952e-03 7.004778979080583667e-10
8.849557522123893682e-03 6.718394729432475287e-10
8.830022075055187630e-03 6.880966907374386210e-10
8.810572687224670421e-03 6.600870960937754717e-10
8.791208791208791201e-03 6.759819370927289128e-10
8.771929824561403022e-03 6.485691983471042477e-10
8.752735229759299462e-03 6.641300842602504417e-10
8.733624454148471161e-03 6.373142014126642607e-10
8.714596949891068381e-03 6.525517903810396092e-10
8.695652173913043584e-03 6.263078944357403088e-10
8.676789587852494837e-03 6.412008701772720087e-10
8.658008658008658001e-03 6.155360665616171900e-10
8.639308855291577202e-03 6.301199562130932463e-10
8.620689655172413673e-03 6.049845069355797023e-10
8.602150537634408595e-03 6.192557577833213145e-10
8.583690987124463490e-03 5.946674264123430476e-10
8.565310492505353798e-03 6.086402493110654177e-10
8.547008547008547868e-03 5.845777195645496249e-10
8.528784648187633100e-03 5.982379036595375510e-10
8.510638297872340566e-03 5.746869646827690303e-10
8.492569002123142100e-03 5.880700371108105173e-10
8.474576271186440649e-03 5.650022671943588648e-10
8.456659619450317480e-03 5.781153333828115137e-10
8.438818565400843172e-03 5.555236270993191283e-10
8.421052631578947179e-03 5.683595816208253382e-10
8.403361344537814762e-03 5.462439389702922199e-10
8.385744234800839025e-03 5.588240981069247937e-10
8.368200836820082963e-03 5.371560973799205385e-10
8.350730688935281004e-03 5.494662502769642742e-10
8.333333333333333218e-03 5.282636550418828847e-10
8.316008316008316470e-03 5.403286706950893858e-10
8.298755186721991708e-03 5.195559538151428569e-10
8.281573498964803909e-03 5.313687267971545225e-10
8.264462809917355601e-03 5.110258882723428542e-10
8.247422680412371324e-03 5.225935240105172852e-10
8.230452674897120041e-03 5.026663529861252755e-10
8.213552361396304208e-03 5.139959569078200730e-10
8.196721311475410263e-03 4.944737952428113203e-10
8.179959100204499747e-03 5.055831309164204868e-10
8.163265306122449716e-03 4.864553204697585898e-10
8.146639511201628561e-03 4.973230716132093221e-10
8.130081300813008990e-03 4.785931650985730812e-10
8.113590263691683457e-03 4.892442007076169830e-10
8.097165991902834092e-03 4.708837764155759942e-10
8.080808080808080801e-03 4.813323073449282674e-10
8.064516129032257841e-03 4.633271544207673287e-10
8.048289738430584178e-03 4.735838388114643749e-10
8.032128514056224161e-03 4.559232991141470848e-10
8.016032064128255849e-03 4.659668206841161009e-10
8.000000000000000167e-03 4.486864213504304644e-10
