1.000000000000000000e+00 1.616388627553025259e+00
8.000000000000000444e-01 1.040559479525253295e+00
6.666666666666666297e-01 7.249307167132847951e-01
5.714285714285713969e-01 5.336374968746966374e-01
5.000000000000000000e-01 4.090830534955465225e-01
4.444444444444444198e-01 3.235069494925113531e-01
4.000000000000000222e-01 2.622036876056625943e-01
3.636363636363636465e-01 2.167971234233476707e-01
3.333333333333333148e-01 1.822337002988625443e-01
3.076923076923077094e-01 1.553184597610659523e-01
2.857142857142856984e-01 1.339515834853024501e-01
2.666666666666666630e-01 1.167071283138163551e-01
2.500000000000000000e-01 1.025893165214384339e-01
2.352941176470588203e-01 9.088575554640954124e-02
2.222222222222222099e-01 8.107591775707234660e-02
2.105263157894736725e-01 7.277232732021943207e-02
2.000000000000000111e-01 6.568174961223505193e-02
1.904761904761904656e-01 5.957897135145628909e-02
1.818181818181818232e-01 5.428871157733539121e-02
1.739130434782608647e-01 4.967290496932008637e-02
1.666666666666666574e-01 4.562160872706400028e-02
1.600000000000000033e-01 4.204639944402899232e-02
1.538461538461538547e-01 3.887551024476820771e-02
1.481481481481481399e-01 3.605020314847706686e-02
1.428571428571428492e-01 3.352203070232917526e-02
1.379310344827586188e-01 3.125074622582602046e-02
1.333333333333333315e-01 2.920269286659760155e-02
1.290322580645161255e-01 2.734955008307693447e-02
1.250000000000000000e-01 2.566734971992801206e-02
1.212121212121212155e-01 2.413569739705323514e-02
1.176470588235294101e-01 2.273715167380174762e-02
1.142857142857142821e-01 2.145672548268251489e-02
1.111111111111111049e-01 2.028148306897747943e-02
1.081081081081081141e-01 1.920021208680822156e-02
1.052631578947368363e-01 1.820315525305815640e-02
1.025641025641025605e-01 1.728178951022130150e-02
1.000000000000000056e-01 1.642864332335491895e-02
9.756097560975610095e-02 1.563714476753119698e-02
9.523809523809523281e-02 1.490149461538337050e-02
9.302325581395348708e-02 1.421655983109815224e-02
9.090909090909091161e-02 1.357778380547358665e-02
8.888888888888889228e-02 1.298111039107752163e-02
8.695652173913043237e-02 1.242291936504003047e-02
8.510638297872340219e-02 1.189997139632481549e-02
8.333333333333332871e-02 1.140936095081102053e-02
8.163265306122448328e-02 1.094847585231306653e-02
8.000000000000000167e-02 1.051496244568284055e-02
7.843137254901960675e-02 1.010669549236098419e-02
7.692307692307692735e-02 9.721752077805234649e-03
7.547169811320754429e-02 9.358388930991168309e-03
7.407407407407406996e-02 9.015022655752602532e-03
7.272727272727272374e-02 8.690212454069978776e-03
7.142857142857142461e-02 8.382644988991216906e-03
7.017543859649122417e-02 8.091121089446318138e-03
6.896551724137930939e-02 7.814544045306348607e-03
6.779661016949152519e-02 7.551909278845414519e-03
6.666666666666666574e-02 7.302295210863007924e-03
6.557377049180328210e-02 7.064855165957339977e-03
6.451612903225806273e-02 6.838810184053301100e-03
6.349206349206348854e-02 6.623442624210440499e-03
6.250000000000000000e-02 6.418090462151582187e-03
6.153846153846154188e-02 6.222142197156443899e-03
6.060606060606060774e-02 6.035032294832376465e-03
5.970149253731343170e-02 5.856237102374706183e-03
5.882352941176470507e-02 5.685271181050666200e-03
5.797101449275362389e-02 5.521684008041205516e-03
5.714285714285714107e-02 5.365057005612072771e-03
5.633802816901408578e-02 5.215000861070961946e-03
5.555555555555555247e-02 5.071153105383530146e-03
5.479452054794520244e-02 4.933175922431587423e-03
5.405405405405405705e-02 4.800754163923670603e-03
5.333333333333333676e-02 4.673593548403687237e-03
5.263157894736841813e-02 4.551419024977576555e-03
5.194805194805195148e-02 4.433973284868386600e-03
5.128205128205128027e-02 4.321015405469808002e-03
5.063291139240506250e-02 4.212319614062209894e-03
5.000000000000000278e-02 4.107674158728258362e-03
4.938271604938271331e-02 4.006880276360647031e-03
4.878048780487805047e-02 3.909751248279746960e-03
4.819277108433735191e-02 3.816111534796107208e-03
4.761904761904761640e-02 3.725795981647905819e-03
4.705882352941176405e-02 3.638649091342927022e-03
4.651162790697674354e-02 3.554524353365451361e-03
4.597701149425287293e-02 3.473283628093071229e-03
4.545454545454545581e-02 3.394796579325287667e-03
4.494382022471909988e-02 3.318940151249449855e-03
4.444444444444444614e-02 3.245598085854339843e-03
4.395604395604395948e-02 3.174660477188950836e-03
4.347826086956521618e-02 3.106023359439546994e-03
4.301075268817204644e-02 3.039588325805198110e-03
4.255319148936170109e-02 2.975262175535675624e-03
4.210526315789473589e-02 2.912956586971660045e-03
4.166666666666666435e-02 2.852587814164309066e-03
4.123711340206185488e-02 2.794076405358225657e-03
4.081632653061224164e-02 2.737346941426466174e-03
4.040404040404040747e-02 2.682327792776106890e-03
4.000000000000000083e-02 2.628950893051040794e-03
3.960396039603960444e-02 2.577151528601717700e-03
3.921568627450980338e-02 2.526868142247451487e-03
3.883495145631067624e-02 2.478042150233505936e-03
3.846153846153846367e-02 2.430617771651100156e-03
3.809523809523809867e-02 2.384541868920564411e-03
3.773584905660377214e-02 2.339763798978822251e-03
3.738317757009345516e-02 2.296235274055646869e-03
3.703703703703703498e-02 2.253910231406308640e-03
3.669724770642202039e-02 2.212744711428626943e-03
3.636363636363636187e-02 2.172696743443225387e-03
3.603603603603603572e-02 2.133726238753297366e-03
3.571428571428571230e-02 2.095794890180968650e-03
3.539823008849557473e-02 2.058866077998544597e-03
3.508771929824561209e-02 2.022904781430412413e-03
3.478260869565217434e-02 1.987877495647438764e-03
3.448275862068965469e-02 1.953752153671217684e-03
3.418803418803419147e-02 1.920498053006980399e-03
3.389830508474576259e-02 1.888085786454496429e-03
3.361344537815125905e-02 1.856487177224863672e-03
3.333333333333333287e-02 1.825675217581590459e-03
3.305785123966942241e-02 1.795624011112550988e-03
3.278688524590164105e-02 1.766308718355702467e-03
3.252032520325203596e-02 1.737705505423292607e-03
3.225806451612903136e-02 1.709791495510870618e-03
3.200000000000000067e-02 1.682544723252021868e-03
3.174603174603174427e-02 1.655944091329075718e-03
3.149606299212598381e-02 1.629969329819402901e-03
3.125000000000000000e-02 1.604600957360702296e-03
3.100775193798449569e-02 1.579820244785423711e-03
3.076923076923077094e-02 1.555609180460493235e-03
3.053435114503816675e-02 1.531950437538398546e-03
3.030303030303030387e-02 1.508827343013052769e-03
3.007518796992481036e-02 1.486223848274903503e-03
2.985074626865671585e-02 1.464124501296737435e-03
2.962962962962963076e-02 1.442514420194385139e-03
2.941176470588235253e-02 1.421379268158773357e-03
2.919708029197080196e-02 1.400705229730903056e-03
2.898550724637681195e-02 1.380478988163957865e-03
2.877697841726618855e-02 1.360687703961360739e-03
2.857142857142857054e-02 1.341318994544593579e-03
2.836879432624113406e-02 1.322360914862485970e-03
2.816901408450704289e-02 1.303801938970394758e-03
2.797202797202797200e-02 1.285630942490456619e-03
2.777777777777777624e-02 1.267837185952913615e-03
2.758620689655172376e-02 1.250410298933246622e-03
2.739726027397260122e-02 1.233340264917615059e-03
2.721088435374149558e-02 1.216617406932130052e-03
2.702702702702702853e-02 1.200232373808063358e-03
2.684563758389261687e-02 1.184176127079439311e-03
2.666666666666666838e-02 1.168439928612485801e-03
2.649006622516556289e-02 1.153015328572593035e-03
2.631578947368420907e-02 1.137894154215501885e-03
2.614379084967320341e-02 1.123068498980472896e-03
2.597402597402597574e-02 1.108530712148336761e-03
2.580645161290322578e-02 1.094273389018241005e-03
2.564102564102564014e-02 1.080289361446773455e-03
2.547770700636942803e-02 1.066571688845385779e-03
2.531645569620253125e-02 1.053113649536641105e-03
2.515723270440251708e-02 1.039908732579419848e-03
2.500000000000000139e-02 1.026950629835710060e-03
2.484472049689440826e-02 1.014233228453065294e-03
2.469135802469135665e-02 1.001750603702333819e-03
2.453987730061349751e-02 9.894970119823653931e-04
2.439024390243902524e-02 9.774668842688072345e-04
2.424242424242424240e-02 9.656548198009318185e-04
2.409638554216867595e-02 9.540555799958383432e-04
2.395209580838323499e-02 9.426640826184495836e-04
2.380952380952380820e-02 9.314753962392785525e-04
2.366863905325443732e-02 9.204847349302269777e-04
2.352941176470588203e-02 9.096874530669651904e-04
2.339181286549707472e-02 8.990790404723725260e-04
2.325581395348837177e-02 8.886551177056389861e-04
2.312138728323699308e-02 8.784114315147917296e-04
2.298850574712643646e-02 8.683438505272533803e-04
2.285714285714285712e-02 8.584483610540871723e-04
2.272727272727272790e-02 8.487210631216157708e-04
2.259887005649717506e-02 8.391581665954106484e-04
2.247191011235954994e-02 8.297559875174442823e-04
2.234636871508379960e-02 8.205109445391656209e-04
2.222222222222222307e-02 8.114195555037895247e-04
2.209944751381215378e-02 8.024784341884583228e-04
2.197802197802197974e-02 7.936842871565374935e-04
2.185792349726775954e-02 7.850339106667547640e-04
2.173913043478260809e-02 7.765241878416873078e-04
2.162162162162162282e-02 7.681520857936163793e-04
2.150537634408602322e-02 7.599146529351230583e-04
2.139037433155080090e-02 7.518090163891599786e-04
2.127659574468085055e-02 7.438323795057044663e-04
2.116402116402116285e-02 7.359820193890698192e-04
2.105263157894736795e-02 7.282552846241685529e-04
2.094240837696335206e-02 7.206495930383027826e-04
2.083333333333333218e-02 7.131624294665073194e-04
2.072538860103627020e-02 7.057913438117680016e-04
2.061855670103092744e-02 6.985339489027353466e-04
2.051282051282051280e-02 6.913879186427607237e-04
2.040816326530612082e-02 6.843509861198526778e-04
2.030456852791878014e-02 6.774209418125565207e-04
2.020202020202020374e-02 6.705956318562300567e-04
2.010050251256281437e-02 6.638729563341883022e-04
2.000000000000000042e-02 6.572508677429311774e-04
1.990049751243781057e-02 6.507273693507897860e-04
1.980198019801980222e-02 6.443005137519719483e-04
1.970443349753694603e-02 6.379684013566588874e-04
1.960784313725490169e-02 6.317291790516321726e-04
1.951219512195121950e-02 6.255810387756355340e-04
1.941747572815533812e-02 6.195222162830305024e-04
1.932367149758454014e-02 6.135509898186342070e-04
1.923076923076923184e-02 6.076656789133494385e-04
1.913875598086124327e-02 6.018646431869001390e-04
1.904761904761904934e-02 5.961462812784645848e-04
1.895734597156398249e-02 5.905090296209891676e-04
1.886792452830188607e-02 5.849513614570867048e-04
1.877934272300469526e-02 5.794717858158549006e-04
1.869158878504672758e-02 5.740688464292986737e-04
1.860465116279069742e-02 5.687411208690207332e-04
1.851851851851851749e-02 5.634872194981710436e-04
1.843317972350230413e-02 5.583057846791916745e-04
1.834862385321101019e-02 5.531954898110313934e-04
1.826484018264840081e-02 5.481550384978106649e-04
1.818181818181818094e-02 5.431831637849882100e-04
1.809954751131221881e-02 5.382786272960515817e-04
1.801801801801801786e-02 5.334402184367093014e-04
1.793721973094170377e-02 5.286667537731659650e-04
1.785714285714285615e-02 5.239570761759182460e-04
1.777777777777777776e-02 5.193100541944772885e-04
1.769911504424778736e-02 5.147245813361678302e-04
1.762114537444934084e-02 5.101995754515087356e-04
1.754385964912280604e-02 5.057339780272229746e-04
1.746724890829694232e-02 5.013267536675414249e-04
1.739130434782608717e-02 4.969768894014237048e-04
1.731601731601731600e-02 4.926833941247821258e-04
1.724137931034482735e-02 4.884452980853382087e-04
1.716738197424892698e-02 4.842616522680032176e-04
1.709401709401709574e-02 4.801315279010509585e-04
1.702127659574468113e-02 4.760540159089998724e-04
1.694915254237288130e-02 4.720282264827346808e-04
1.687763713080168634e-02 4.680532884968613416e-04
1.680672268907562952e-02 4.641283491366721137e-04
1.673640167364016593e-02 4.602525733403695085e-04
1.666666666666666644e-02 4.564251434580057776e-04
1.659751037344398342e-02 4.526452587008122919e-04
1.652892561983471120e-02 4.489121348676405887e-04
1.646090534979424008e-02 4.452250038120553199e-04
1.639344262295082053e-02 4.415831130906155977e-04
1.632653061224489943e-02 4.379857256218144812e-04
1.626016260162601798e-02 4.344321192419897670e-04
1.619433198380566818e-02 4.309215863891324716e-04
1.612903225806451568e-02 4.274534337369573223e-04
1.606425702811244832e-02 4.240269818573949578e-04
1.600000000000000033e-02 4.206415648866368429e-04
1.593625498007968100e-02 4.172965301663111859e-04
1.587301587301587213e-02 4.139912380018984095e-04
1.581027667984189616e-02 4.107250613074597823e-04
1.574803149606299191e-02 4.074973853001040425e-04
1.568627450980392135e-02 4.043076072406392996e-04
1.562500000000000000e-02 4.011551361315923714e-04
1.556420233463035041e-02 3.980393924543079720e-04
1.550387596899224785e-02 3.949598079060478995e-04
1.544401544401544438e-02 3.919158251299847961e-04
1.538461538461538547e-02 3.889068974558540503e-04
1.532567049808429040e-02 3.859324886690274070e-04
1.526717557251908337e-02 3.829920727902447197e-04
1.520912547528517102e-02 3.800851338020549974e-04
1.515151515151515194e-02 3.772111654427590111e-04
1.509433962264150955e-02 3.743696709790356181e-04
1.503759398496240518e-02 3.715601629963316554e-04
1.498127340823970054e-02 3.687821632283316831e-04
1.492537313432835792e-02 3.660352022549773210e-04
1.486988847583643053e-02 3.633188194029912665e-04
1.481481481481481538e-02 3.606325625185036188e-04
1.476014760147601433e-02 3.579759877432309167e-04
1.470588235294117627e-02 3.553486593936838744e-04
1.465201465201465200e-02 3.527501497337937053e-04
1.459854014598540098e-02 3.501800388256981478e-04
1.454545454545454544e-02 3.476379143485530676e-04
1.449275362318840597e-02 3.451233714493184834e-04
1.444043321299639041e-02 3.426360125473593143e-04
1.438848920863309427e-02 3.401754472207585422e-04
1.433691756272401432e-02 3.377412920144706732e-04
1.428571428571428527e-02 3.353331703301876132e-04
1.423487544483985692e-02 3.329507122344921299e-04
1.418439716312056703e-02 3.305935543664872966e-04
1.413427561837455812e-02 3.282613397530553812e-04
1.408450704225352144e-02 3.259537177058291491e-04
1.403508771929824588e-02 3.236703436648724619e-04
1.398601398601398600e-02 3.214108790956515804e-04
1.393728222996515678e-02 3.191749913540320449e-04
1.388888888888888812e-02 3.169623535441701279e-04
1.384083044982699004e-02 3.147726444474585605e-04
1.379310344827586188e-02 3.126055483306799943e-04
1.374570446735395163e-02 3.104607549104798636e-04
1.369863013698630061e-02 3.083379591899415573e-04
1.365187713310580218e-02 3.062368613839794307e-04
1.360544217687074779e-02 3.041571667736775453e-04
1.355932203389830469e-02 3.020985856529989633e-04
1.351351351351351426e-02 3.000608331866772005e-04
1.346801346801346742e-02 2.980436293071875298e-04
1.342281879194630843e-02 2.960466986863252714e-04
1.337792642140468204e-02 2.940697705540173956e-04
1.333333333333333419e-02 2.921125786663480994e-04
1.328903654485049865e-02 2.901748611670029732e-04
1.324503311258278145e-02 2.882563605481891500e-04
1.320132013201320148e-02 2.863568235618174640e-04
1.315789473684210453e-02 2.844760010773939030e-04
1.311475409836065573e-02 2.826136480784668947e-04
1.307189542483660170e-02 2.807695235205187601e-04
1.302931596091205270e-02 2.789433902918858621e-04
1.298701298701298787e-02 2.771350151178353372e-04
1.294498381877022715e-02 2.753441684895108210e-04
1.290322580645161289e-02 2.735706245999836028e-04
1.286173633440514455e-02 2.718141612696456377e-04
1.282051282051282007e-02 2.700745598680498460e-04
1.277955271565495154e-02 2.683516052570666943e-04
1.273885350318471402e-02 2.666450857162772081e-04
1.269841269841269840e-02 2.649547928541551300e-04
1.265822784810126563e-02 2.632805216293832018e-04
1.261829652996845387e-02 2.616220701803229076e-04
1.257861635220125854e-02 2.599792398356726153e-04
1.253918495297805594e-02 2.583518350078861658e-04
1.250000000000000069e-02 2.567396632109364418e-04
1.246105919003115230e-02 2.551425348933378245e-04
1.242236024844720413e-02 2.535602634878841855e-04
1.238390092879257040e-02 2.519926653050674759e-04
1.234567901234567833e-02 2.504395594371544576e-04
1.230769230769230768e-02 2.489007678363464038e-04
1.226993865030674875e-02 2.473761151087217058e-04
1.223241590214067288e-02 2.458654285710792919e-04
1.219512195121951262e-02 2.443685381798843537e-04
1.215805471124620056e-02 2.428852764353450766e-04
1.212121212121212120e-02 2.414154784098343498e-04
1.208459214501510573e-02 2.399589816342029280e-04
1.204819277108433798e-02 2.385156261084375728e-04
1.201201201201201191e-02 2.370852542057377832e-04
1.197604790419161749e-02 2.356677106725157955e-04
1.194029850746268669e-02 2.342628425573423101e-04
1.190476190476190410e-02 2.328704991931829227e-04
1.186943620178041586e-02 2.314905321512128467e-04
1.183431952662721866e-02 2.301227951519990711e-04
1.179941002949852491e-02 2.287671441365546343e-04
1.176470588235294101e-02 2.274234371064665083e-04
1.173020527859237536e-02 2.260915341736335904e-04
1.169590643274853736e-02 2.247712974678961473e-04
1.166180758017492693e-02 2.234625911476939564e-04
1.162790697674418589e-02 2.221652813325647458e-04
1.159420289855072478e-02 2.208792360853806258e-04
1.156069364161849654e-02 2.196043253590573840e-04
1.152737752161383210e-02 2.183404209930017714e-04
1.149425287356321823e-02 2.170873966704789382e-04
1.146131805157593088e-02 2.158451278475581603e-04
1.142857142857142856e-02 2.146134918028508309e-04
1.139601139601139658e-02 2.133923675273763365e-04
1.136363636363636395e-02 2.121816357423256250e-04
1.133144475920679940e-02 2.109811788457705006e-04
1.129943502824858753e-02 2.097908809126636243e-04
1.126760563380281750e-02 2.086106276308896668e-04
1.123595505617977497e-02 2.074403062977125956e-04
1.120448179271708693e-02 2.062798057913539651e-04
1.117318435754189980e-02 2.051290165390184939e-04
1.114206128133704739e-02 2.039878304707087864e-04
1.111111111111111154e-02 2.028561410618578975e-04
1.108033240997229919e-02 2.017338432054316399e-04
1.104972375690607689e-02 2.006208332865355715e-04
1.101928374655647414e-02 1.995170090971498666e-04
1.098901098901098987e-02 1.984222698325766032e-04
1.095890410958904118e-02 1.973365160701234799e-04
1.092896174863387977e-02 1.962596497406821072e-04
1.089918256130790152e-02 1.951915741038590113e-04
1.086956521739130405e-02 1.941321937550810617e-04
1.084010840108401083e-02 1.930814145616466249e-04
1.081081081081081141e-02 1.920391436556201370e-04
1.078167115902965018e-02 1.910052894231739629e-04
1.075268817204301161e-02 1.899797615010356822e-04
1.072386058981233264e-02 1.889624707018811023e-04
1.069518716577540045e-02 1.879533290569668225e-04
1.066666666666666631e-02 1.869522497521813875e-04
1.063829787234042527e-02 1.859591471422561426e-04
1.061007957559681643e-02 1.849739367010272417e-04
1.058201058201058142e-02 1.839965350178829340e-04
1.055408970976253261e-02 1.830268598013162773e-04
1.052631578947368397e-02 1.820648298185290059e-04
1.049868766404199460e-02 1.811103649025369577e-04
1.047120418848167603e-02 1.801633859663809289e-04
1.044386422976501319e-02 1.792238148965452638e-04
1.041666666666666609e-02 1.782915746453284100e-04
1.038961038961038960e-02 1.773665891597886457e-04
1.036269430051813510e-02 1.764487833462169419e-04
1.033591731266149914e-02 1.755380830914532453e-04
1.030927835051546372e-02 1.746344152309120545e-04
1.028277634961439514e-02 1.737377075556878481e-04
1.025641025641025640e-02 1.728478887770279471e-04
1.023017902813299317e-02 1.719648885050162335e-04
1.020408163265306041e-02 1.710886372308095815e-04
1.017811704834605674e-02 1.702190663905867041e-04
1.015228426395939007e-02 1.693561082056760370e-04
1.012658227848101285e-02 1.684996958353224272e-04
1.010101010101010187e-02 1.676497632310258723e-04
1.007556675062972265e-02 1.668062451614105157e-04
1.005025125628140718e-02 1.659690772832789207e-04
1.002506265664160345e-02 1.651381959817399547e-04
1.000000000000000021e-02 1.643135384981064817e-04
9.975062344139650622e-03 1.634950427984449561e-04
9.950248756218905283e-03 1.626826476694986923e-04
9.925558312655086840e-03 1.618762926263173085e-04
9.900990099009901110e-03 1.610759179442311506e-04
9.876543209876543009e-03 1.602814646162187273e-04
9.852216748768473017e-03 1.594928744026447021e-04
9.828009828009827767e-03 1.587100897282311962e-04
9.803921568627450844e-03 1.579330537566647763e-04
9.779951100244498735e-03 1.571617103337530352e-04
9.756097560975609748e-03 1.563960039909773059e-04
9.732360097323601231e-03 1.556358799277290927e-04
9.708737864077669061e-03 1.548812840148627856e-04
9.685230024213075523e-03 1.541321627911429459e-04
9.661835748792270070e-03 1.533884633921900331e-04
9.638554216867470728e-03 1.526501336677199561e-04
9.615384615384615918e-03 1.519171220074611028e-04
9.592326139088728360e-03 1.511893774619466058e-04
9.569377990430621636e-03 1.504668497211980593e-04
9.546539379474940773e-03 1.497494890259076783e-04
9.523809523809524669e-03 1.490372462278344301e-04
9.501187648456057427e-03 1.483300727365133298e-04
9.478672985781991245e-03 1.476279205867569999e-04
9.456264775413711354e-03 1.469307423285215464e-04
9.433962264150943036e-03 1.462384911121716868e-04
9.411764705882352117e-03 1.455511206138737634e-04
9.389671361502347630e-03 1.448685850711228795e-04
9.367681498829039805e-03 1.441908392223467672e-04
9.345794392523363789e-03 1.435178383637492061e-04
9.324009324009324001e-03 1.428495383244410277e-04
9.302325581395348708e-03 1.421858954024912691e-04
9.280742459396751354e-03 1.415268664324287329e-04
9.259259259259258745e-03 1.408724087426094229e-04
9.237875288683602623e-03 1.402224801658746856e-04
9.216589861751152066e-03 1.395770389862605043e-04
9.195402298850574585e-03 1.389360439993936325e-04
9.174311926605505096e-03 1.382994544734117426e-04
9.153318077803203681e-03 1.376672300956727213e-04
9.132420091324200406e-03 1.370393310722306524e-04
9.111617312072892508e-03 1.364157180461234020e-04
9.090909090909090468e-03 1.357963520796090506e-04
9.070294784580499106e-03 1.351811947110093115e-04
9.049773755656109406e-03 1.345702078765498300e-04
9.029345372460495858e-03 1.339633539565454612e-04
9.009009009009008931e-03 1.333605957967165523e-04
8.988764044943821016e-03 1.327618966016075319e-04
8.968609865470851886e-03 1.321672199914303292e-04
8.948545861297538956e-03 1.315765300304860830e-04
8.928571428571428076e-03 1.309897911596635822e-04
8.908685968819598719e-03 1.304069682213082615e-04
8.888888888888888881e-03 1.298280264450113464e-04
8.869179600886917952e-03 1.292529314440571397e-04
8.849557522123893682e-03 1.286816492118703081e-04
8.830022075055187630e-03 1.281141461255685954e-04
8.810572687224670421e-03 1.275503889281992542e-04
8.791208791208791201e-03 1.269903447003173369e-04
8.771929824561403022e-03 1.264339809345926824e-04
8.752735229759299462e-03 1.258812654469920744e-04
8.733624454148471161e-03 1.253321664016482373e-04
8.714596949891068381e-03 1.247866523357288315e-04
8.695652173913043584e-03 1.242446920812767530e-04
8.676789587852494837e-03 1.237062548540279749e-04
8.658008658008658001e-03 1.231713101823572742e-04
8.639308855291577202e-03 1.226398279250418000e-04
8.620689655172413673e-03 1.221117782606029323e-04
8.602150537634408595e-03 1.215871317050698508e-04
8.583690987124463490e-03 1.210658590657942568e-04
8.565310492505353798e-03 1.205479314911883648e-04
8.547008547008547868e-03 1.200333204067760562e-04
8.528784648187633100e-03 1.195219975507200161e-04
8.510638297872340566e-03 1.190139349880325881e-04
8.492569002123142100e-03 1.185091050537323554e-04
8.474576271186440649e-03 1.180074803706077091e-04
8.456659619450317480e-03 1.175090338776385579e-04
8.438818565400843172e-03 1.170137387624947678e-04
8.421052631578947179e-03 1.165215685503540044e-04
8.403361344537814762e-03 1.160324969724513267e-04
8.385744234800839025e-03 1.155464980939768793e-04
8.368200836820082963e-03 1.150635462039417689e-04
8.350730688935281004e-03 1.145836159111013330e-04
8.333333333333333218e-03 1.141066820622427258e-04
8.316008316008316470e-03 1.136327197492903451e-04
8.298755186721991708e-03 1.131617043377275422e-04
8.281573498964803909e-03 1.126936114665966215e-04
8.264462809917355601e-03 1.122284169845499946e-04
8.247422680412371324e-03 1.117660970244571672e-04
8.230452674897120041e-03 1.113066279501140343e-04
8.213552361396304208e-03 1.108499863669010210e-04
8.196721311475410263e-03 1.103961491288885099e-04
8.179959100204499747e-03 1.099450933175205591e-04
8.163265306122449716e-03 1.094967962451676158e-04
8.146639511201628561e-03 1.090512354515738025e-04
8.130081300813008990e-03 1.086083887571476225e-04
8.113590263691683457e-03 1.081682341030898442e-04
8.097165991902834092e-03 1.077307497574508943e-04
8.080808080808080801e-03 1.072959141481533152e-04
8.064516129032257841e-03 1.068637059340460382e-04
8.048289738430584178e-03 1.064341040013516704e-04
8.032128514056224161e-03 1.060070874068230751e-04
8.016032064128255849e-03 1.055826354878774964e-04
8.000000000000000167e-03 1.051607277311461530e-04
