8.000000000000000444e-01 1.832177314611271868e-03
6.666666666666666297e-01 8.890124046025960070e-04
5.714285714285713969e-01 4.816516809142967759e-04
5.000000000000000000e-01 2.830179427739665243e-04
4.444444444444444198e-01 1.769798545225853559e-04
4.000000000000000222e-01 1.162543847179620116e-04
3.636363636363636465e-01 7.947311852518623709e-05
3.333333333333333148e-01 5.615086364230137406e-05
3.076923076923077094e-01 4.078816116148686888e-05
2.857142857142856984e-01 3.033715571021389223e-05
2.666666666666666630e-01 2.302856029245958780e-05
2.500000000000000000e-01 1.779387112321728637e-05
2.352941176470588203e-01 1.396538620923593044e-05
2.222222222222222099e-01 1.111324714742067954e-05
2.105263157894736725e-01 8.953365110642153013e-06
2.000000000000000111e-01 7.293571325561742924e-06
1.904761904761904656e-01 6.001146942935520201e-06
1.818181818181818232e-01 4.982704322031850097e-06
1.739130434782608647e-01 4.171413408471380535e-06
1.666666666666666574e-01 3.518711064742774397e-06
1.600000000000000033e-01 2.988811587556483573e-06
1.538461538461538547e-01 2.555005185200798223e-06
1.481481481481481399e-01 2.197120235081229112e-06
1.428571428571428492e-01 1.899756615131309445e-06
1.379310344827586188e-01 1.651038310512831231e-06
1.333333333333333315e-01 1.441721259709538572e-06
1.290322580645161255e-01 1.264547325519060905e-06
1.250000000000000000e-01 1.113771379124273153e-06
1.212121212121212155e-01 9.848113613486475515e-07
1.176470588235294101e-01 8.739867851659255393e-07
1.142857142857142821e-01 7.783216169343631918e-07
1.111111111111111049e-01 6.953942879306396208e-07
1.081081081081081141e-01 6.232227285352109902e-07
1.052631578947368363e-01 5.601755468376268254e-07
1.025641025641025605e-01 5.049028537484900880e-07
1.000000000000000056e-01 4.562821018794238626e-07
9.756097560975610095e-02 4.133753712665111379e-07
9.523809523809523281e-02 3.753954658236580144e-07
9.302325581395348708e-02 3.416788487697886012e-07
9.090909090909091161e-02 3.116639426536949031e-07
8.888888888888889228e-02 2.848736002647456189e-07
8.695652173913043237e-02 2.609009115417393332e-07
8.510638297872340219e-02 2.393976394898800208e-07
8.333333333333332871e-02 2.200647308825409709e-07
8.163265306122448328e-02 2.026445571345902863e-07
8.000000000000000167e-02 1.869144377053544304e-07
7.843137254901960675e-02 1.726814033986556751e-07
7.692307692307692735e-02 1.597776773110126669e-07
7.547169811320754429e-02 1.480570261946922983e-07
7.407407407407406996e-02 1.373916482805270789e-07
7.272727272727272374e-02 1.276695478225065017e-07
7.142857142857142461e-02 1.187923679424329748e-07
7.017543859649122417e-02 1.106734970335310209e-07
6.896551724137930939e-02 1.032365304354243563e-07
6.779661016949152519e-02 9.641386711223276507e-08
6.666666666666666574e-02 9.014561896947270725e-08
6.557377049180328210e-02 8.437859122523150290e-08
6.451612903225806273e-02 7.906544396973913535e-08
6.349206349206348854e-02 7.416398517534616985e-08
6.250000000000000000e-02 6.963651699720685428e-08
6.153846153846154188e-02 6.544932062979569309e-08
6.060606060606060774e-02 6.157216247970609402e-08
5.970149253731343170e-02 5.797788915629098483e-08
5.882352941176470507e-02 5.464209351657700608e-08
5.797101449275362389e-02 5.154280202646077669e-08
5.714285714285714107e-02 4.866015501647780184e-08
5.633802816901408578e-02 4.597624680968692701e-08
5.555555555555555247e-02 4.347484505728971271e-08
5.479452054794520244e-02 4.114127349907903408e-08
5.405405405405405705e-02 3.896219524790467403e-08
5.333333333333333676e-02 3.692548844469456526e-08
5.263157894736841813e-02 3.502014678247178381e-08
5.194805194805195148e-02 3.323612318695268186e-08
5.128205128205128027e-02 3.156428007855538453e-08
5.063291139240506250e-02 2.999623305299792264e-08
5.000000000000000278e-02 2.852436864486662671e-08
4.938271604938271331e-02 2.714167735007322335e-08
4.878048780487805047e-02 2.584176073128219286e-08
4.819277108433735191e-02 2.461874615278247802e-08
4.761904761904761640e-02 2.346723348978230206e-08
4.705882352941176405e-02 2.238226670669973828e-08
4.651162790697674354e-02 2.135927701374384924e-08
4.597701149425287293e-02 2.039407220877365035e-08
4.545454545454545581e-02 1.948278338659292785e-08
4.494382022471909988e-02 1.862182941181345086e-08
4.444444444444444614e-02 1.780790270800025610e-08
4.395604395604395948e-02 1.703797281038532674e-08
4.347826086956521618e-02 1.630919754802562238e-08
4.301075268817204644e-02 1.561897988722193986e-08
4.255319148936170109e-02 1.496489332453165844e-08
4.210526315789473589e-02 1.434469254490977619e-08
4.166666666666666435e-02 1.375628144728580082e-08
4.123711340206185488e-02 1.319773801355950127e-08
4.081632653061224164e-02 1.266726457060940447e-08
4.040404040404040747e-02 1.216315581586968619e-08
4.000000000000000083e-02 1.168389474059949862e-08
3.960396039603960444e-02 1.122800696862213954e-08
3.921568627450980338e-02 1.079413891602598596e-08
3.883495145631067624e-02 1.038103292216874252e-08
3.846153846153846367e-02 9.987473958972259425e-09
3.809523809523809867e-02 9.612417528614969342e-09
3.773584905660377214e-02 9.254794264279553317e-09
3.738317757009345516e-02 8.913652038700092817e-09
3.703703703703703498e-02 8.588067146320099710e-09
3.669724770642202039e-02 8.277229568420807482e-09
3.636363636363636187e-02 7.980318628142413218e-09
3.603603603603603572e-02 7.696602466467084014e-09
3.571428571428571230e-02 7.425402515082168975e-09
3.539823008849557473e-02 7.166018889392944402e-09
3.508771929824561209e-02 6.917872497069765814e-09
3.478260869565217434e-02 6.680384245782988728e-09
3.448275862068965469e-02 6.452985701344005065e-09
3.418803418803419147e-02 6.235193694692497957e-09
3.389830508474576259e-02 6.026500187772398931e-09
3.361344537815125905e-02 5.826468196801215527e-09
3.333333333333333287e-02 5.634667843423812883e-09
3.305785123966942241e-02 5.450704776421844144e-09
3.278688524590164105e-02 5.274173986435926054e-09
3.252032520325203596e-02 5.104734412952893763e-09
3.225806451612903136e-02 4.942059206314297626e-09
3.200000000000000067e-02 4.785803753293293994e-09
3.174603174603174427e-02 4.635676731368221226e-09
3.149606299212598381e-02 4.491379712590060080e-09
3.125000000000000000e-02 4.352667559714973322e-09
3.100775193798449569e-02 4.219256055648656911e-09
3.076923076923077094e-02 4.090932037570382818e-09
3.053435114503816675e-02 3.967446815522635006e-09
3.030303030303030387e-02 3.848569463116291445e-09
3.007518796992481036e-02 3.734129450094769709e-09
2.985074626865671585e-02 3.623910060923662968e-09
2.962962962962963076e-02 3.517715896350637195e-09
2.941176470588235253e-02 3.415397742401182768e-09
2.919708029197080196e-02 3.316763752536644461e-09
2.898550724637681195e-02 3.221664712782512652e-09
2.877697841726618855e-02 3.129951409164277720e-09
2.857142857142857054e-02 3.041481733134787646e-09
2.836879432624113406e-02 2.956106470719532808e-09
2.816901408450704289e-02 2.873708382367112790e-09
2.797202797202797200e-02 2.794170228526127175e-09
2.777777777777777624e-02 2.717374769645175547e-09
2.758620689655172376e-02 2.643169239036069484e-09
2.739726027397260122e-02 2.571493240566269378e-09
2.721088435374149558e-02 2.502240192825411214e-09
2.702702702702702853e-02 2.435292856262094574e-09
2.684563758389261687e-02 2.370565965748028248e-09
2.666666666666666838e-02 2.307981361582278623e-09
2.649006622516556289e-02 2.247453778636554489e-09
2.631578947368420907e-02 2.188894399068885832e-09
2.614379084967320341e-02 2.132217957750981441e-09
2.597402597402597574e-02 2.077374716691338108e-09
2.580645161290322578e-02 2.024275858047985821e-09
2.564102564102564014e-02 1.972882301970457775e-09
2.547770700636942803e-02 1.923094572475747555e-09
2.531645569620253125e-02 1.874862931572351954e-09
2.515723270440251708e-02 1.828130535841410165e-09
2.500000000000000139e-02 1.782865410859812982e-09
2.484472049689440826e-02 1.738982291499269195e-09
2.469135802469135665e-02 1.696442097909311997e-09
2.453987730061349751e-02 1.655198644812116981e-09
2.439024390243902524e-02 1.615180877934108139e-09
2.424242424242424240e-02 1.576392349988964270e-09
2.409638554216867595e-02 1.538747795848394162e-09
2.395209580838323499e-02 1.502218793802967411e-09
2.380952380952380820e-02 1.466766264002217213e-09
2.366863905325443732e-02 1.432354679309355561e-09
2.352941176470588203e-02 1.398952065301273251e-09
2.339181286549707472e-02 1.366512236700145877e-09
2.325581395348837177e-02 1.335010324510221835e-09
2.312138728323699308e-02 1.304414354308391921e-09
2.298850574712643646e-02 1.274678140816831728e-09
2.285714285714285712e-02 1.245791025894504855e-09
2.272727272727272790e-02 1.217713929690944497e-09
2.259887005649717506e-02 1.190439746778793051e-09
2.247191011235954994e-02 1.163904528311832109e-09
2.234636871508379960e-02 1.138118932431098074e-09
2.222222222222222307e-02 1.113036773858766537e-09
2.209944751381215378e-02 1.088640289026443497e-09
2.197802197802197974e-02 1.064911714365734952e-09
2.185792349726775954e-02 1.041826180880889297e-09
2.173913043478260809e-02 1.019358819576154929e-09
2.162162162162162282e-02 9.975025250241742469e-10
2.150537634408602322e-02 9.762182173744804459e-10
2.139037433155080090e-02 9.555130020544311265e-10
2.127659574468085055e-02 9.353335883588442812e-10
2.116402116402116285e-02 9.156977398561139125e-10
2.105263157894736795e-02 8.965770348368096165e-10
2.094240837696335206e-02 8.779323934504645877e-10
2.083333333333333218e-02 8.597993428338668309e-10
2.072538860103627020e-02 8.421210395681555383e-10
2.061855670103092744e-02 8.248797200849367073e-10
2.051282051282051280e-02 8.080967006662831409e-10
2.040816326530612082e-02 7.917435596027644351e-10
2.030456852791878014e-02 7.757776643302349839e-10
2.020202020202020374e-02 7.602203311307675904e-10
2.010050251256281437e-02 7.450466910086106509e-10
2.000000000000000042e-02 7.302638493911217665e-10
1.990049751243781057e-02 7.158362791415129323e-10
1.980198019801980222e-02 7.017675329734629486e-10
1.970443349753694603e-02 6.880434000322566135e-10
1.960784313725490169e-02 6.746461167494999245e-10
1.951219512195121950e-02 6.615898939799080836e-10
1.941747572815533812e-02 6.488427573003718862e-10
1.932367149758454014e-02 6.363727322877821280e-10
1.923076923076923184e-02 6.242331096473208163e-10
1.913875598086124327e-02 6.123599405327695422e-10
1.904761904761904934e-02 6.007851993672375102e-10
1.895734597156398249e-02 5.894804644412943162e-10
1.886792452830188607e-02 5.784350776139035588e-10
1.877934272300469526e-02 5.676490388850652380e-10
1.869158878504672758e-02 5.571187955411005532e-10
1.860465116279069742e-02 5.468194785862579010e-10
1.851851851851851749e-02 5.367581934478948824e-10
1.843317972350230413e-02 5.269420455533690983e-10
1.834862385321101019e-02 5.173355077658925438e-10
1.826484018264840081e-02 5.079456855128228199e-10
1.818181818181818094e-02 4.987796842215175275e-10
1.809954751131221881e-02 4.898090821825462626e-10
1.801801801801801786e-02 4.810516429643030278e-10
1.793721973094170377e-02 4.724682867163210176e-10
1.785714285714285615e-02 4.640980932890670374e-10
1.777777777777777776e-02 4.558913246910378803e-10
1.769911504424778736e-02 4.478799553453427507e-10
1.762114537444934084e-02 4.400391162562300451e-10
1.754385964912280604e-02 4.323830182784149656e-10
1.746724890829694232e-02 4.248725815614307066e-10
1.739130434782608717e-02 4.175291223873500712e-10
1.731601731601731600e-02 4.103526407561730593e-10
1.724137931034482735e-02 4.033111622447904665e-10
1.716738197424892698e-02 3.964437667036690982e-10
1.709401709401709574e-02 3.897007161413057474e-10
1.702127659574468113e-02 3.831104322671308182e-10
1.694915254237288130e-02 3.766551515127503080e-10
1.687763713080168634e-02 3.703561901602370199e-10
1.680672268907562952e-02 3.641567047907301458e-10
1.673640167364016593e-02 3.581099861094116932e-10
1.666666666666666644e-02 3.521805069794936571e-10
1.659751037344398342e-02 3.463540565462608356e-10
1.652892561983471120e-02 3.406732673738588346e-10
1.646090534979424008e-02 3.350990596118208487e-10
1.639344262295082053e-02 3.296420914011832792e-10
1.632653061224489943e-02 3.242917046009097248e-10
1.626016260162601798e-02 3.190443464973213850e-10
1.619433198380566818e-02 3.139106752314546611e-10
1.612903225806451568e-02 3.088835853759519523e-10
1.606425702811244832e-02 3.039630769308132585e-10
1.600000000000000033e-02 2.991171754729293752e-10
1.593625498007968100e-02 2.943707499980519060e-10
1.587301587301587213e-02 2.897344586472172523e-10
1.581027667984189616e-02 2.851834324246738106e-10
1.574803149606299191e-02 2.807141186167427804e-10
1.568627450980392135e-02 2.763407280781393638e-10
1.562500000000000000e-02 2.720419445267907577e-10
1.556420233463035041e-02 2.678284261037333636e-10
1.550387596899224785e-02 2.637108309500035830e-10
1.544401544401544438e-02 2.596642900698498124e-10
1.538461538461538547e-02 2.556959088906296529e-10
1.532567049808429040e-02 2.517808184165915009e-10
1.526717557251908337e-02 2.479580984982021619e-10
1.520912547528517102e-02 2.442135382807464339e-10
1.515151515151515194e-02 2.405364796231879154e-10
1.509433962264150955e-02 2.369233698118478060e-10
1.503759398496240518e-02 2.333848669877625071e-10
1.498127340823970054e-02 2.299032075825380161e-10
1.492537313432835792e-02 2.264890497372107347e-10
1.486988847583643053e-02 2.231494988791382639e-10
1.481481481481481538e-02 2.198525805852113990e-10
1.476014760147601433e-02 2.166338219922181452e-10
1.470588235294117627e-02 2.134541432496916968e-10
1.465201465201465200e-02 2.103455187807412585e-10
1.459854014598540098e-02 2.072972904443304287e-10
1.454545454545454544e-02 2.042952473857440054e-10
1.449275362318840597e-02 2.013464950323395897e-10
1.444043321299639041e-02 1.984616915251535829e-10
1.438848920863309427e-02 1.956159678684343817e-10
1.433691756272401432e-02 1.928341930579335894e-10
1.428571428571428527e-02 1.900843926705420017e-10
1.423487544483985692e-02 1.873985411293688230e-10
1.418439716312056703e-02 1.847517694386624498e-10
1.413427561837455812e-02 1.821511830257804831e-10
1.408450704225352144e-02 1.796074400317593245e-10
1.403508771929824588e-02 1.770921187471685698e-10
1.398601398601398600e-02 1.746407463087962242e-10
1.393728222996515678e-02 1.722106901524966815e-10
1.388888888888888812e-02 1.698445828424155479e-10
1.384083044982699004e-02 1.674926863870496163e-10
1.379310344827586188e-02 1.652047387779020937e-10
1.374570446735395163e-02 1.629381074508273741e-10
1.369863013698630061e-02 1.607141086878982605e-10
1.365187713310580218e-02 1.585398479164723540e-10
1.360544217687074779e-02 1.563940088544768514e-10
1.355932203389830469e-02 1.542872496429481544e-10
1.351351351351351426e-02 1.521982539998134598e-10
1.346801346801346742e-02 1.501589963481819723e-10
1.342281879194630843e-02 1.481659239743748913e-10
1.337792642140468204e-02 1.461906151689618127e-10
1.333333333333333419e-02 1.442472807866579387e-10
1.328903654485049865e-02 1.423394735411420697e-10
1.324503311258278145e-02 1.404600880050566047e-10
1.320132013201320148e-02 1.386162296057591448e-10
1.315789473684210453e-02 1.368114510569284903e-10
1.311475409836065573e-02 1.350208833628130378e-10
1.307189542483660170e-02 1.332587373781279894e-10
1.302931596091205270e-02 1.315250131028733449e-10
1.298701298701298787e-02 1.298374741054431070e-10
1.294498381877022715e-02 1.281676986764068715e-10
1.290322580645161289e-02 1.265085813884070376e-10
1.286173633440514455e-02 1.248992020919104107e-10
1.282051282051282007e-02 1.233040336501289858e-10
1.277955271565495154e-02 1.217443923451355658e-10
1.273885350318471402e-02 1.201954091811785474e-10
1.269841269841269840e-02 1.186712950129731325e-10
1.265822784810126563e-02 1.171649444131617201e-10
1.261829652996845387e-02 1.157189899458899163e-10
1.257861635220125854e-02 1.142588246239029104e-10
1.253918495297805594e-02 1.128306337250251090e-10
1.250000000000000069e-02 1.114202063945413101e-10
1.246105919003115230e-02 1.100453062008455163e-10
1.242236024844720413e-02 1.086881695755437249e-10
1.238390092879257040e-02 1.073487965186359361e-10
1.234567901234567833e-02 1.060165288890857482e-10
1.230769230769230768e-02 1.047304465373599669e-10
1.226993865030674875e-02 1.034550223266705871e-10
1.223241590214067288e-02 1.021973616843752097e-10
1.219512195121951262e-02 1.009468064694374334e-10
1.215805471124620056e-02 9.972822567760886159e-11
1.212121212121212120e-02 9.852030302681669127e-11
1.208459214501510573e-02 9.734435479913372546e-11
1.204819277108433798e-02 9.616485385777195916e-11
1.201201201201201191e-02 9.501732733951939736e-11
1.197604790419161749e-02 9.389466981701843906e-11
1.194029850746268669e-02 9.275780143980227876e-11
1.190476190476190410e-02 9.166711834041052498e-11
1.186943620178041586e-02 9.059775152309157420e-11
1.183431952662721866e-02 8.951417385105742142e-11
1.179941002949852491e-02 8.846257060213247314e-11
1.176470588235294101e-02 8.742162549424392637e-11
1.173020527859237536e-02 8.640910209578578360e-11
1.169590643274853736e-02 8.540723683836404234e-11
1.166180758017492693e-02 8.440537158094230108e-11
1.162790697674418589e-02 8.343903346030856483e-11
1.159420289855072478e-02 8.247269533967482857e-11
1.156069364161849654e-02 8.150990993271989282e-11
1.152737752161383210e-02 8.058975708991056308e-11
1.149425287356321823e-02 7.966605153342243284e-11
1.146131805157593088e-02 7.876366225900710560e-11
1.142857142857142856e-02 7.786482569827057887e-11
1.139601139601139658e-02 7.698375270592805464e-11
1.136363636363636395e-02 7.610978514094313141e-11
1.133144475920679940e-02 7.524292300331580918e-11
1.129943502824858753e-02 7.440092986144009046e-11
1.126760563380281750e-02 7.355893671956437174e-11
1.123595505617977497e-02 7.274891800079785753e-11
1.120448179271708693e-02 7.192468842731614131e-11
1.117318435754189980e-02 7.112532784958602861e-11
1.114206128133704739e-02 7.033662541289231740e-11
1.111111111111111154e-02 6.955858111723500770e-11
1.108033240997229919e-02 6.880185310365050100e-11
1.104972375690607689e-02 6.803801966270839330e-11
1.101928374655647414e-02 6.729905521751788910e-11
1.098901098901098987e-02 6.654943263129098341e-11
1.095890410958904118e-02 6.583533718185208272e-11
1.092896174863387977e-02 6.509992545034037903e-11
1.089918256130790152e-02 6.441069899665308185e-11
1.086956521739130405e-02 6.371436711560818367e-11
1.084010840108401083e-02 6.300382437984808348e-11
1.081081081081081141e-02 6.233946692191238981e-11
1.078167115902965018e-02 6.167155675029789563e-11
1.075268817204301161e-02 6.101075200604100246e-11
1.072386058981233264e-02 6.035349997546290979e-11
1.069518716577540045e-02 5.972822236799402162e-11
1.066666666666666631e-02 5.908518119213113096e-11
1.063829787234042527e-02 5.845635087098344229e-11
1.061007957559681643e-02 5.784173140455095563e-11
1.058201058201058142e-02 5.724132279283367097e-11
1.055408970976253261e-02 5.661959789904358331e-11
1.052631578947368397e-02 5.602984742836270016e-11
1.049868766404199460e-02 5.544720238503941800e-11
1.047120418848167603e-02 5.486811005539493635e-11
1.044386422976501319e-02 5.429612315310805570e-11
1.041666666666666609e-02 5.374189981921517756e-11
1.038961038961038960e-02 5.316636020324949641e-11
1.036269430051813510e-02 5.262634772407182027e-11
1.033591731266149914e-02 5.208988795857294463e-11
1.030927835051546372e-02 5.155342819307406899e-11
1.028277634961439514e-02 5.103117928229039535e-11
1.025641025641025640e-02 5.050182494414912071e-11
1.023017902813299317e-02 4.999023417440184858e-11
1.020408163265306041e-02 4.948574883201217744e-11
1.017811704834605674e-02 4.898481620330130681e-11
1.015228426395939007e-02 4.849454171562683769e-11
1.012658227848101285e-02 4.800426722795236856e-11
1.010101010101010187e-02 4.750688731292029843e-11
1.007556675062972265e-02 4.703437639363983180e-11
1.005025125628140718e-02 4.656897090171696618e-11
1.002506265664160345e-02 4.610711812347290106e-11
1.000000000000000021e-02 4.564171263155003544e-11
9.975062344139650622e-03 4.519407070802117232e-11
9.950248756218905283e-03 4.473577064345590770e-11
9.925558312655086840e-03 4.429878686096344609e-11
9.900990099009901110e-03 4.384759222375578247e-11
9.876543209876543009e-03 4.342126658229972236e-11
9.852216748768473017e-03 4.299849365452246275e-11
9.828009828009827767e-03 4.257572072674520314e-11
9.803921568627450844e-03 4.215650051264674403e-11
9.779951100244498735e-03 4.175149115326348692e-11
9.756097560975609748e-03 4.134292908020142931e-11
9.732360097323601231e-03 4.094502514817577321e-11
9.708737864077669061e-03 4.055422664350771811e-11
9.685230024213075523e-03 4.015987542516086251e-11
9.661835748792270070e-03 3.976552420681400690e-11
9.638554216867470728e-03 3.939248927053995430e-11
9.615384615384615918e-03 3.900879619322950020e-11
9.592326139088728360e-03 3.865352482534945011e-11
9.569377990430621636e-03 3.826983174803899601e-11
9.546539379474940773e-03 3.791456038015894592e-11
9.523809523809524669e-03 3.755928901227889583e-11
9.501187648456057427e-03 3.720046493072004523e-11
9.478672985781991245e-03 3.683453542180359364e-11
9.456264775413711354e-03 3.649702762231754605e-11
9.433962264150943036e-03 3.614530896811629646e-11
9.411764705882352117e-03 3.582556473702425137e-11
9.389671361502347630e-03 3.547739879650180228e-11
9.367681498829039805e-03 3.516120727908855770e-11
9.345794392523363789e-03 3.482369947960251011e-11
9.324009324009324001e-03 3.450750796218926553e-11
9.302325581395348708e-03 3.418065830373961944e-11
9.280742459396751354e-03 3.384670321793237235e-11
9.259259259259258745e-03 3.355182798259193078e-11
9.237875288683602623e-03 3.323208375149988569e-11
9.216589861751152066e-03 3.294431394351704512e-11
9.195402298850574585e-03 3.263522785346140154e-11
9.174311926605505096e-03 3.233679990444215946e-11
9.153318077803203681e-03 3.204192466910171788e-11
9.132420091324200406e-03 3.175415486111887731e-11
9.111617312072892508e-03 3.145217419842083473e-11
9.090909090909090468e-03 3.117506253147439566e-11
9.070294784580499106e-03 3.088374000981275458e-11
9.049773755656109406e-03 3.061018105654511601e-11
9.029345372460495858e-03 3.034728024431387894e-11
9.009009009009008931e-03 3.007372129104624037e-11
8.988764044943821016e-03 2.977884605570579879e-11
8.968609865470851886e-03 2.951949795715336222e-11
8.948545861297538956e-03 2.926725528595852666e-11
8.928571428571428076e-03 2.901145990108489059e-11
8.908685968819598719e-03 2.874500637517485302e-11
8.888888888888888881e-03 2.849276370398001745e-11
8.869179600886917952e-03 2.824762646014278289e-11
8.849557522123893682e-03 2.798827836159034632e-11
8.830022075055187630e-03 2.773958840407431126e-11
8.810572687224670421e-03 2.749800387391587719e-11
8.791208791208791201e-03 2.725641934375744313e-11
8.771929824561403022e-03 2.701128209992020857e-11
8.752735229759299462e-03 2.679101385183457751e-11
8.733624454148471161e-03 2.655298203535494395e-11
8.714596949891068381e-03 2.632560835991171189e-11
8.695652173913043584e-03 2.609468197078967933e-11
8.676789587852494837e-03 2.587441372270404827e-11
8.658008658008658001e-03 2.564348733358201571e-11
8.639308855291577202e-03 2.542677179917518515e-11
8.620689655172413673e-03 2.520295083741075359e-11
8.602150537634408595e-03 2.498623530300392304e-11
8.583690987124463490e-03 2.476241434123949148e-11
8.565310492505353798e-03 2.457056780258426443e-11
8.547008547008547868e-03 2.434674684081983287e-11
8.528784648187633100e-03 2.413713673377060331e-11
8.510638297872340566e-03 2.394173748143657576e-11
8.492569002123142100e-03 2.373923280174494721e-11
8.474576271186440649e-03 2.354383354941091966e-11
8.456659619450317480e-03 2.333422344236169010e-11
8.438818565400843172e-03 2.315303504474286456e-11
8.421052631578947179e-03 2.295763579240883701e-11
8.403361344537814762e-03 2.274447297168080695e-11
8.385744234800839025e-03 2.257394271509838291e-11
8.368200836820082963e-03 2.239630703115835786e-11
8.350730688935281004e-03 2.219735506514552981e-11
8.333333333333333218e-03 2.201971938120550476e-11
8.316008316008316470e-03 2.183853098358667921e-11
8.298755186721991708e-03 2.165378987228905316e-11
8.281573498964803909e-03 2.145839061995502561e-11
8.264462809917355601e-03 2.130207121808780357e-11
8.247422680412371324e-03 2.113154096150537953e-11
8.230452674897120041e-03 2.093614170917135198e-11
8.213552361396304208e-03 2.076916416626772843e-11
8.196721311475410263e-03 2.059508119600650389e-11
8.179959100204499747e-03 2.042810365310288034e-11
8.163265306122449716e-03 2.026823153755685780e-11
8.146639511201628561e-03 2.010125399465323426e-11
8.130081300813008990e-03 1.994848730646481272e-11
8.113590263691683457e-03 1.978506247723998968e-11
8.097165991902834092e-03 1.962163764801516663e-11
8.080808080808080801e-03 1.946887095982674509e-11
8.064516129032257841e-03 1.929834070324432105e-11
8.048289738430584178e-03 1.914557401505589951e-11
8.032128514056224161e-03 1.901057089526148047e-11
8.016032064128255849e-03 1.885780420707305893e-11
8.000000000000000167e-03 1.869793209152703639e-11
7.984031936127743839e-03 1.854871811701741535e-11
