8.000000000000000444e-01 1.976101060563451028e-09
6.666666666666666297e-01 1.974800767357010045e-09
5.714285714285713969e-01 1.974004959492958733e-09
5.000000000000000000e-01 1.973486263295853860e-09
4.444444444444444198e-01 1.973127439214295009e-09
4.000000000000000222e-01 1.972868091115742573e-09
3.636363636363636465e-01 1.972679797290766146e-09
3.333333333333333148e-01 1.972530583316256525e-09
3.076923076923077094e-01 1.972420449192213709e-09
2.857142857142856984e-01 1.972331631350243697e-09
2.666666666666666630e-01 1.972257024362988886e-09
2.500000000000000000e-01 1.972200180944128078e-09
2.352941176470588203e-01 1.972150442952624871e-09
2.222222222222222099e-01 1.972107810388479265e-09
2.105263157894736725e-01 1.972072283251691260e-09
2.000000000000000111e-01 1.972047414255939657e-09
1.904761904761904656e-01 1.972018992546509253e-09
1.818181818181818232e-01 1.971997676264436450e-09
1.739130434782608647e-01 1.971976359982363647e-09
1.666666666666666574e-01 1.971958596413969644e-09
1.600000000000000033e-01 1.971944385559254442e-09
1.538461538461538547e-01 1.971930174704539240e-09
1.481481481481481399e-01 1.971915963849824038e-09
1.428571428571428492e-01 1.971905305708787637e-09
1.379310344827586188e-01 1.971901752995108836e-09
1.333333333333333315e-01 1.971887542140393634e-09
1.290322580645161255e-01 1.971880436713036033e-09
1.250000000000000000e-01 1.971873331285678432e-09
1.212121212121212155e-01 1.971869778571999632e-09
1.176470588235294101e-01 1.971862673144642031e-09
1.142857142857142821e-01 1.971855567717284430e-09
1.111111111111111049e-01 1.971852015003605629e-09
1.081081081081081141e-01 1.971848462289926829e-09
1.052631578947368363e-01 1.971841356862569228e-09
1.025641025641025605e-01 1.971844909576248028e-09
1.000000000000000056e-01 1.971837804148890427e-09
9.756097560975610095e-02 1.971834251435211627e-09
9.523809523809523281e-02 1.971830698721532826e-09
9.302325581395348708e-02 1.971827146007854026e-09
9.090909090909091161e-02 1.971827146007854026e-09
8.888888888888889228e-02 1.971823593294175225e-09
8.695652173913043237e-02 1.971816487866817624e-09
8.510638297872340219e-02 1.971816487866817624e-09
8.333333333333332871e-02 1.971816487866817624e-09
8.163265306122448328e-02 1.971805829725781223e-09
8.000000000000000167e-02 1.971812935153138824e-09
7.843137254901960675e-02 1.971809382439460023e-09
7.692307692307692735e-02 1.971805829725781223e-09
7.547169811320754429e-02 1.971802277012102422e-09
7.407407407407406996e-02 1.971802277012102422e-09
7.272727272727272374e-02 1.971802277012102422e-09
7.142857142857142461e-02 1.971802277012102422e-09
7.017543859649122417e-02 1.971805829725781223e-09
6.896551724137930939e-02 1.971802277012102422e-09
6.779661016949152519e-02 1.971795171584744821e-09
6.666666666666666574e-02 1.971798724298423622e-09
6.557377049180328210e-02 1.971795171584744821e-09
6.451612903225806273e-02 1.971795171584744821e-09
6.349206349206348854e-02 1.971798724298423622e-09
6.250000000000000000e-02 1.971798724298423622e-09
6.153846153846154188e-02 1.971795171584744821e-09
6.060606060606060774e-02 1.971798724298423622e-09
5.970149253731343170e-02 1.971788066157387220e-09
5.882352941176470507e-02 1.971788066157387220e-09
5.797101449275362389e-02 1.971788066157387220e-09
5.714285714285714107e-02 1.971788066157387220e-09
5.633802816901408578e-02 1.971791618871066021e-09
5.555555555555555247e-02 1.971784513443708420e-09
5.479452054794520244e-02 1.971788066157387220e-09
5.405405405405405705e-02 1.971788066157387220e-09
5.333333333333333676e-02 1.971784513443708420e-09
5.263157894736841813e-02 1.971784513443708420e-09
5.194805194805195148e-02 1.971784513443708420e-09
5.128205128205128027e-02 1.971788066157387220e-09
5.063291139240506250e-02 1.971784513443708420e-09
5.000000000000000278e-02 1.971784513443708420e-09
4.938271604938271331e-02 1.971780960730029619e-09
4.878048780487805047e-02 1.971780960730029619e-09
4.819277108433735191e-02 1.971788066157387220e-09
4.761904761904761640e-02 1.971784513443708420e-09
4.705882352941176405e-02 1.971777408016350819e-09
4.651162790697674354e-02 1.971780960730029619e-09
4.597701149425287293e-02 1.971777408016350819e-09
4.545454545454545581e-02 1.971780960730029619e-09
4.494382022471909988e-02 1.971780960730029619e-09
4.444444444444444614e-02 1.971780960730029619e-09
4.395604395604395948e-02 1.971777408016350819e-09
4.347826086956521618e-02 1.971784513443708420e-09
4.301075268817204644e-02 1.971777408016350819e-09
4.255319148936170109e-02 1.971780960730029619e-09
4.210526315789473589e-02 1.971777408016350819e-09
4.166666666666666435e-02 1.971780960730029619e-09
4.123711340206185488e-02 1.971777408016350819e-09
4.081632653061224164e-02 1.971770302588993218e-09
4.040404040404040747e-02 1.971777408016350819e-09
4.000000000000000083e-02 1.971777408016350819e-09
3.960396039603960444e-02 1.971784513443708420e-09
3.921568627450980338e-02 1.971780960730029619e-09
3.883495145631067624e-02 1.971766749875314417e-09
3.846153846153846367e-02 1.971777408016350819e-09
3.809523809523809867e-02 1.971780960730029619e-09
3.773584905660377214e-02 1.971773855302672018e-09
3.738317757009345516e-02 1.971777408016350819e-09
3.703703703703703498e-02 1.971780960730029619e-09
3.669724770642202039e-02 1.971773855302672018e-09
3.636363636363636187e-02 1.971770302588993218e-09
3.603603603603603572e-02 1.971773855302672018e-09
3.571428571428571230e-02 1.971784513443708420e-09
3.539823008849557473e-02 1.971777408016350819e-09
3.508771929824561209e-02 1.971777408016350819e-09
3.478260869565217434e-02 1.971777408016350819e-09
3.448275862068965469e-02 1.971770302588993218e-09
3.418803418803419147e-02 1.971780960730029619e-09
3.389830508474576259e-02 1.971777408016350819e-09
3.361344537815125905e-02 1.971777408016350819e-09
3.333333333333333287e-02 1.971773855302672018e-09
3.305785123966942241e-02 1.971777408016350819e-09
3.278688524590164105e-02 1.971777408016350819e-09
3.252032520325203596e-02 1.971773855302672018e-09
3.225806451612903136e-02 1.971770302588993218e-09
3.200000000000000067e-02 1.971773855302672018e-09
3.174603174603174427e-02 1.971777408016350819e-09
3.149606299212598381e-02 1.971770302588993218e-09
3.125000000000000000e-02 1.971777408016350819e-09
3.100775193798449569e-02 1.971770302588993218e-09
3.076923076923077094e-02 1.971766749875314417e-09
3.053435114503816675e-02 1.971766749875314417e-09
3.030303030303030387e-02 1.971773855302672018e-09
3.007518796992481036e-02 1.971770302588993218e-09
2.985074626865671585e-02 1.971773855302672018e-09
2.962962962962963076e-02 1.971770302588993218e-09
2.941176470588235253e-02 1.971766749875314417e-09
2.919708029197080196e-02 1.971777408016350819e-09
2.898550724637681195e-02 1.971780960730029619e-09
2.877697841726618855e-02 1.971766749875314417e-09
2.857142857142857054e-02 1.971773855302672018e-09
2.836879432624113406e-02 1.971780960730029619e-09
2.816901408450704289e-02 1.971763197161635617e-09
2.797202797202797200e-02 1.971770302588993218e-09
2.777777777777777624e-02 1.971770302588993218e-09
2.758620689655172376e-02 1.971777408016350819e-09
2.739726027397260122e-02 1.971777408016350819e-09
2.721088435374149558e-02 1.971770302588993218e-09
2.702702702702702853e-02 1.971770302588993218e-09
2.684563758389261687e-02 1.971770302588993218e-09
2.666666666666666838e-02 1.971773855302672018e-09
2.649006622516556289e-02 1.971766749875314417e-09
2.631578947368420907e-02 1.971773855302672018e-09
2.614379084967320341e-02 1.971766749875314417e-09
2.597402597402597574e-02 1.971770302588993218e-09
2.580645161290322578e-02 1.971773855302672018e-09
2.564102564102564014e-02 1.971766749875314417e-09
2.547770700636942803e-02 1.971770302588993218e-09
2.531645569620253125e-02 1.971773855302672018e-09
2.515723270440251708e-02 1.971763197161635617e-09
2.500000000000000139e-02 1.971780960730029619e-09
2.484472049689440826e-02 1.971763197161635617e-09
2.469135802469135665e-02 1.971763197161635617e-09
2.453987730061349751e-02 1.971773855302672018e-09
2.439024390243902524e-02 1.971766749875314417e-09
2.424242424242424240e-02 1.971763197161635617e-09
2.409638554216867595e-02 1.971777408016350819e-09
2.395209580838323499e-02 1.971770302588993218e-09
2.380952380952380820e-02 1.971773855302672018e-09
2.366863905325443732e-02 1.971770302588993218e-09
2.352941176470588203e-02 1.971770302588993218e-09
2.339181286549707472e-02 1.971766749875314417e-09
2.325581395348837177e-02 1.971763197161635617e-09
2.312138728323699308e-02 1.971773855302672018e-09
2.298850574712643646e-02 1.971773855302672018e-09
2.285714285714285712e-02 1.971770302588993218e-09
2.272727272727272790e-02 1.971763197161635617e-09
2.259887005649717506e-02 1.971770302588993218e-09
2.247191011235954994e-02 1.971773855302672018e-09
2.234636871508379960e-02 1.971770302588993218e-09
2.222222222222222307e-02 1.971766749875314417e-09
2.209944751381215378e-02 1.971770302588993218e-09
2.197802197802197974e-02 1.971770302588993218e-09
2.185792349726775954e-02 1.971763197161635617e-09
2.173913043478260809e-02 1.971773855302672018e-09
2.162162162162162282e-02 1.971763197161635617e-09
2.150537634408602322e-02 1.971763197161635617e-09
2.139037433155080090e-02 1.971759644447956816e-09
2.127659574468085055e-02 1.971770302588993218e-09
2.116402116402116285e-02 1.971777408016350819e-09
2.105263157894736795e-02 1.971777408016350819e-09
2.094240837696335206e-02 1.971763197161635617e-09
2.083333333333333218e-02 1.971773855302672018e-09
2.072538860103627020e-02 1.971773855302672018e-09
2.061855670103092744e-02 1.971766749875314417e-09
2.051282051282051280e-02 1.971766749875314417e-09
2.040816326530612082e-02 1.971756091734278016e-09
2.030456852791878014e-02 1.971759644447956816e-09
2.020202020202020374e-02 1.971759644447956816e-09
2.010050251256281437e-02 1.971773855302672018e-09
2.000000000000000042e-02 1.971770302588993218e-09
1.990049751243781057e-02 1.971773855302672018e-09
1.980198019801980222e-02 1.971773855302672018e-09
1.970443349753694603e-02 1.971766749875314417e-09
1.960784313725490169e-02 1.971763197161635617e-09
1.951219512195121950e-02 1.971763197161635617e-09
1.941747572815533812e-02 1.971756091734278016e-09
1.932367149758454014e-02 1.971763197161635617e-09
1.923076923076923184e-02 1.971766749875314417e-09
1.913875598086124327e-02 1.971766749875314417e-09
1.904761904761904934e-02 1.971770302588993218e-09
1.895734597156398249e-02 1.971773855302672018e-09
1.886792452830188607e-02 1.971752539020599215e-09
1.877934272300469526e-02 1.971770302588993218e-09
1.869158878504672758e-02 1.971766749875314417e-09
1.860465116279069742e-02 1.971773855302672018e-09
1.851851851851851749e-02 1.971766749875314417e-09
1.843317972350230413e-02 1.971773855302672018e-09
1.834862385321101019e-02 1.971766749875314417e-09
1.826484018264840081e-02 1.971766749875314417e-09
1.818181818181818094e-02 1.971766749875314417e-09
1.809954751131221881e-02 1.971770302588993218e-09
1.801801801801801786e-02 1.971766749875314417e-09
1.793721973094170377e-02 1.971770302588993218e-09
1.785714285714285615e-02 1.971763197161635617e-09
1.777777777777777776e-02 1.971773855302672018e-09
1.769911504424778736e-02 1.971773855302672018e-09
1.762114537444934084e-02 1.971759644447956816e-09
1.754385964912280604e-02 1.971763197161635617e-09
1.746724890829694232e-02 1.971766749875314417e-09
1.739130434782608717e-02 1.971766749875314417e-09
1.731601731601731600e-02 1.971759644447956816e-09
1.724137931034482735e-02 1.971773855302672018e-09
1.716738197424892698e-02 1.971770302588993218e-09
1.709401709401709574e-02 1.971766749875314417e-09
1.702127659574468113e-02 1.971766749875314417e-09
1.694915254237288130e-02 1.971759644447956816e-09
1.687763713080168634e-02 1.971759644447956816e-09
1.680672268907562952e-02 1.971770302588993218e-09
1.673640167364016593e-02 1.971756091734278016e-09
1.666666666666666644e-02 1.971773855302672018e-09
1.659751037344398342e-02 1.971766749875314417e-09
1.652892561983471120e-02 1.971770302588993218e-09
1.646090534979424008e-02 1.971773855302672018e-09
1.639344262295082053e-02 1.971766749875314417e-09
1.632653061224489943e-02 1.971770302588993218e-09
1.626016260162601798e-02 1.971766749875314417e-09
1.619433198380566818e-02 1.971766749875314417e-09
1.612903225806451568e-02 1.971770302588993218e-09
1.606425702811244832e-02 1.971759644447956816e-09
1.600000000000000033e-02 1.971766749875314417e-09
1.593625498007968100e-02 1.971766749875314417e-09
1.587301587301587213e-02 1.971770302588993218e-09
1.581027667984189616e-02 1.971756091734278016e-09
1.574803149606299191e-02 1.971763197161635617e-09
1.568627450980392135e-02 1.971766749875314417e-09
1.562500000000000000e-02 1.971766749875314417e-09
1.556420233463035041e-02 1.971766749875314417e-09
1.550387596899224785e-02 1.971777408016350819e-09
1.544401544401544438e-02 1.971770302588993218e-09
1.538461538461538547e-02 1.971770302588993218e-09
1.532567049808429040e-02 1.971770302588993218e-09
1.526717557251908337e-02 1.971777408016350819e-09
1.520912547528517102e-02 1.971770302588993218e-09
1.515151515151515194e-02 1.971770302588993218e-09
1.509433962264150955e-02 1.971763197161635617e-09
1.503759398496240518e-02 1.971773855302672018e-09
1.498127340823970054e-02 1.971766749875314417e-09
1.492537313432835792e-02 1.971766749875314417e-09
1.486988847583643053e-02 1.971766749875314417e-09
1.481481481481481538e-02 1.971766749875314417e-09
1.476014760147601433e-02 1.971766749875314417e-09
1.470588235294117627e-02 1.971770302588993218e-09
1.465201465201465200e-02 1.971777408016350819e-09
1.459854014598540098e-02 1.971770302588993218e-09
1.454545454545454544e-02 1.971763197161635617e-09
1.449275362318840597e-02 1.971759644447956816e-09
1.444043321299639041e-02 1.971759644447956816e-09
1.438848920863309427e-02 1.971770302588993218e-09
1.433691756272401432e-02 1.971773855302672018e-09
1.428571428571428527e-02 1.971766749875314417e-09
1.423487544483985692e-02 1.971770302588993218e-09
1.418439716312056703e-02 1.971766749875314417e-09
1.413427561837455812e-02 1.971770302588993218e-09
1.408450704225352144e-02 1.971770302588993218e-09
1.403508771929824588e-02 1.971770302588993218e-09
1.398601398601398600e-02 1.971773855302672018e-09
1.393728222996515678e-02 1.971770302588993218e-09
1.388888888888888812e-02 1.971766749875314417e-09
1.384083044982699004e-02 1.971763197161635617e-09
1.379310344827586188e-02 1.971763197161635617e-09
1.374570446735395163e-02 1.971766749875314417e-09
1.369863013698630061e-02 1.971770302588993218e-09
1.365187713310580218e-02 1.971777408016350819e-09
1.360544217687074779e-02 1.971766749875314417e-09
1.355932203389830469e-02 1.971770302588993218e-09
1.351351351351351426e-02 1.971766749875314417e-09
1.346801346801346742e-02 1.971770302588993218e-09
1.342281879194630843e-02 1.971763197161635617e-09
1.337792642140468204e-02 1.971770302588993218e-09
1.333333333333333419e-02 1.971780960730029619e-09
1.328903654485049865e-02 1.971773855302672018e-09
1.324503311258278145e-02 1.971766749875314417e-09
1.320132013201320148e-02 1.971770302588993218e-09
1.315789473684210453e-02 1.971763197161635617e-09
1.311475409836065573e-02 1.971773855302672018e-09
1.307189542483660170e-02 1.971766749875314417e-09
1.302931596091205270e-02 1.971766749875314417e-09
1.298701298701298787e-02 1.971773855302672018e-09
1.294498381877022715e-02 1.971766749875314417e-09
1.290322580645161289e-02 1.971759644447956816e-09
1.286173633440514455e-02 1.971770302588993218e-09
1.282051282051282007e-02 1.971756091734278016e-09
1.277955271565495154e-02 1.971770302588993218e-09
1.273885350318471402e-02 1.971770302588993218e-09
1.269841269841269840e-02 1.971759644447956816e-09
1.265822784810126563e-02 1.971770302588993218e-09
1.261829652996845387e-02 1.971770302588993218e-09
1.257861635220125854e-02 1.971766749875314417e-09
1.253918495297805594e-02 1.971763197161635617e-09
1.250000000000000069e-02 1.971770302588993218e-09
1.246105919003115230e-02 1.971766749875314417e-09
1.242236024844720413e-02 1.971770302588993218e-09
1.238390092879257040e-02 1.971770302588993218e-09
1.234567901234567833e-02 1.971756091734278016e-09
1.230769230769230768e-02 1.971770302588993218e-09
1.226993865030674875e-02 1.971770302588993218e-09
1.223241590214067288e-02 1.971756091734278016e-09
1.219512195121951262e-02 1.971777408016350819e-09
1.215805471124620056e-02 1.971766749875314417e-09
1.212121212121212120e-02 1.971777408016350819e-09
1.208459214501510573e-02 1.971773855302672018e-09
1.204819277108433798e-02 1.971770302588993218e-09
1.201201201201201191e-02 1.971777408016350819e-09
1.197604790419161749e-02 1.971770302588993218e-09
1.194029850746268669e-02 1.971756091734278016e-09
1.190476190476190410e-02 1.971763197161635617e-09
1.186943620178041586e-02 1.971759644447956816e-09
1.183431952662721866e-02 1.971770302588993218e-09
1.179941002949852491e-02 1.971763197161635617e-09
1.176470588235294101e-02 1.971770302588993218e-09
1.173020527859237536e-02 1.971770302588993218e-09
1.169590643274853736e-02 1.971766749875314417e-09
1.166180758017492693e-02 1.971759644447956816e-09
1.162790697674418589e-02 1.971763197161635617e-09
1.159420289855072478e-02 1.971770302588993218e-09
1.156069364161849654e-02 1.971763197161635617e-09
1.152737752161383210e-02 1.971752539020599215e-09
1.149425287356321823e-02 1.971773855302672018e-09
1.146131805157593088e-02 1.971763197161635617e-09
1.142857142857142856e-02 1.971773855302672018e-09
1.139601139601139658e-02 1.971770302588993218e-09
1.136363636363636395e-02 1.971770302588993218e-09
1.133144475920679940e-02 1.971770302588993218e-09
1.129943502824858753e-02 1.971770302588993218e-09
1.126760563380281750e-02 1.971763197161635617e-09
1.123595505617977497e-02 1.971777408016350819e-09
1.120448179271708693e-02 1.971766749875314417e-09
1.117318435754189980e-02 1.971773855302672018e-09
1.114206128133704739e-02 1.971763197161635617e-09
1.111111111111111154e-02 1.971770302588993218e-09
1.108033240997229919e-02 1.971770302588993218e-09
1.104972375690607689e-02 1.971773855302672018e-09
1.101928374655647414e-02 1.971766749875314417e-09
1.098901098901098987e-02 1.971766749875314417e-09
1.095890410958904118e-02 1.971763197161635617e-09
1.092896174863387977e-02 1.971773855302672018e-09
1.089918256130790152e-02 1.971773855302672018e-09
1.086956521739130405e-02 1.971766749875314417e-09
1.084010840108401083e-02 1.971759644447956816e-09
1.081081081081081141e-02 1.971766749875314417e-09
1.078167115902965018e-02 1.971759644447956816e-09
1.075268817204301161e-02 1.971766749875314417e-09
1.072386058981233264e-02 1.971777408016350819e-09
1.069518716577540045e-02 1.971770302588993218e-09
1.066666666666666631e-02 1.971752539020599215e-09
1.063829787234042527e-02 1.971763197161635617e-09
1.061007957559681643e-02 1.971770302588993218e-09
1.058201058201058142e-02 1.971766749875314417e-09
1.055408970976253261e-02 1.971763197161635617e-09
1.052631578947368397e-02 1.971763197161635617e-09
1.049868766404199460e-02 1.971766749875314417e-09
1.047120418848167603e-02 1.971770302588993218e-09
1.044386422976501319e-02 1.971756091734278016e-09
1.041666666666666609e-02 1.971759644447956816e-09
1.038961038961038960e-02 1.971766749875314417e-09
1.036269430051813510e-02 1.971766749875314417e-09
1.033591731266149914e-02 1.971773855302672018e-09
1.030927835051546372e-02 1.971763197161635617e-09
1.028277634961439514e-02 1.971745433593241614e-09
1.025641025641025640e-02 1.971773855302672018e-09
1.023017902813299317e-02 1.971770302588993218e-09
1.020408163265306041e-02 1.971766749875314417e-09
1.017811704834605674e-02 1.971766749875314417e-09
1.015228426395939007e-02 1.971759644447956816e-09
1.012658227848101285e-02 1.971759644447956816e-09
1.010101010101010187e-02 1.971773855302672018e-09
1.007556675062972265e-02 1.971766749875314417e-09
1.005025125628140718e-02 1.971770302588993218e-09
1.002506265664160345e-02 1.971759644447956816e-09
1.000000000000000021e-02 1.971773855302672018e-09
9.975062344139650622e-03 1.971759644447956816e-09
9.950248756218905283e-03 1.971780960730029619e-09
9.925558312655086840e-03 1.971766749875314417e-09
9.900990099009901110e-03 1.971759644447956816e-09
9.876543209876543009e-03 1.971773855302672018e-09
9.852216748768473017e-03 1.971763197161635617e-09
9.828009828009827767e-03 1.971763197161635617e-09
9.803921568627450844e-03 1.971763197161635617e-09
9.779951100244498735e-03 1.971770302588993218e-09
9.756097560975609748e-03 1.971763197161635617e-09
9.732360097323601231e-03 1.971756091734278016e-09
9.708737864077669061e-03 1.971756091734278016e-09
9.685230024213075523e-03 1.971763197161635617e-09
9.661835748792270070e-03 1.971763197161635617e-09
9.638554216867470728e-03 1.971784513443708420e-09
9.615384615384615918e-03 1.971763197161635617e-09
9.592326139088728360e-03 1.971748986306920415e-09
9.569377990430621636e-03 1.971756091734278016e-09
9.546539379474940773e-03 1.971773855302672018e-09
9.523809523809524669e-03 1.971763197161635617e-09
9.501187648456057427e-03 1.971752539020599215e-09
9.478672985781991245e-03 1.971770302588993218e-09
9.456264775413711354e-03 1.971766749875314417e-09
9.433962264150943036e-03 1.971763197161635617e-09
9.411764705882352117e-03 1.971763197161635617e-09
9.389671361502347630e-03 1.971763197161635617e-09
9.367681498829039805e-03 1.971773855302672018e-09
9.345794392523363789e-03 1.971756091734278016e-09
9.324009324009324001e-03 1.971766749875314417e-09
9.302325581395348708e-03 1.971780960730029619e-09
9.280742459396751354e-03 1.971756091734278016e-09
9.259259259259258745e-03 1.971777408016350819e-09
9.237875288683602623e-03 1.971770302588993218e-09
9.216589861751152066e-03 1.971748986306920415e-09
9.195402298850574585e-03 1.971770302588993218e-09
9.174311926605505096e-03 1.971766749875314417e-09
9.153318077803203681e-03 1.971773855302672018e-09
9.132420091324200406e-03 1.971766749875314417e-09
9.111617312072892508e-03 1.971759644447956816e-09
9.090909090909090468e-03 1.971766749875314417e-09
9.070294784580499106e-03 1.971777408016350819e-09
9.049773755656109406e-03 1.971773855302672018e-09
9.029345372460495858e-03 1.971752539020599215e-09
9.009009009009008931e-03 1.971766749875314417e-09
8.988764044943821016e-03 1.971766749875314417e-09
8.968609865470851886e-03 1.971759644447956816e-09
8.948545861297538956e-03 1.971759644447956816e-09
8.928571428571428076e-03 1.971770302588993218e-09
8.908685968819598719e-03 1.971773855302672018e-09
8.888888888888888881e-03 1.971766749875314417e-09
8.869179600886917952e-03 1.971759644447956816e-09
8.849557522123893682e-03 1.971766749875314417e-09
8.830022075055187630e-03 1.971766749875314417e-09
8.810572687224670421e-03 1.971759644447956816e-09
8.791208791208791201e-03 1.971766749875314417e-09
8.771929824561403022e-03 1.971780960730029619e-09
8.752735229759299462e-03 1.971763197161635617e-09
8.733624454148471161e-03 1.971770302588993218e-09
8.714596949891068381e-03 1.971759644447956816e-09
8.695652173913043584e-03 1.971777408016350819e-09
8.676789587852494837e-03 1.971756091734278016e-09
8.658008658008658001e-03 1.971766749875314417e-09
8.639308855291577202e-03 1.971777408016350819e-09
8.620689655172413673e-03 1.971770302588993218e-09
8.602150537634408595e-03 1.971780960730029619e-09
8.583690987124463490e-03 1.971756091734278016e-09
8.565310492505353798e-03 1.971777408016350819e-09
8.547008547008547868e-03 1.971784513443708420e-09
8.528784648187633100e-03 1.971770302588993218e-09
8.510638297872340566e-03 1.971773855302672018e-09
8.492569002123142100e-03 1.971770302588993218e-09
8.474576271186440649e-03 1.971763197161635617e-09
8.456659619450317480e-03 1.971773855302672018e-09
8.438818565400843172e-03 1.971759644447956816e-09
8.421052631578947179e-03 1.971766749875314417e-09
8.403361344537814762e-03 1.971759644447956816e-09
8.385744234800839025e-03 1.971763197161635617e-09
8.368200836820082963e-03 1.971770302588993218e-09
8.350730688935281004e-03 1.971766749875314417e-09
8.333333333333333218e-03 1.971763197161635617e-09
8.316008316008316470e-03 1.971766749875314417e-09
8.298755186721991708e-03 1.971763197161635617e-09
8.281573498964803909e-03 1.971780960730029619e-09
8.264462809917355601e-03 1.971756091734278016e-09
8.247422680412371324e-03 1.971773855302672018e-09
8.230452674897120041e-03 1.971766749875314417e-09
8.213552361396304208e-03 1.971773855302672018e-09
8.196721311475410263e-03 1.971763197161635617e-09
8.179959100204499747e-03 1.971777408016350819e-09
8.163265306122449716e-03 1.971766749875314417e-09
8.146639511201628561e-03 1.971748986306920415e-09
8.130081300813008990e-03 1.971766749875314417e-09
8.113590263691683457e-03 1.971770302588993218e-09
8.097165991902834092e-03 1.971756091734278016e-09
8.080808080808080801e-03 1.971759644447956816e-09
8.064516129032257841e-03 1.971777408016350819e-09
8.048289738430584178e-03 1.971756091734278016e-09
8.032128514056224161e-03 1.971748986306920415e-09
8.016032064128255849e-03 1.971759644447956816e-09
8.000000000000000167e-03 1.971770302588993218e-09
7.984031936127743839e-03 1.971752539020599215e-09
