1.000000000000000000e+01 5.836933885089192753e-01
2.000000000000000000e+01 2.431397146258010566e-01
3.000000000000000000e+01 1.297534661233802067e-01
4.000000000000000000e+01 8.153336497673949190e-02
5.000000000000000000e+01 5.665025184841593342e-02
6.000000000000000000e+01 4.208355003991104404e-02
7.000000000000000000e+01 3.277918985279826281e-02
8.000000000000000000e+01 2.644598484061302934e-02
9.000000000000000000e+01 2.192176935929512904e-02
1.000000000000000000e+02 1.856494535648803290e-02
1.100000000000000000e+02 1.599710569527393322e-02
1.200000000000000000e+02 1.398292529704683873e-02
1.300000000000000000e+02 1.236956322357848914e-02
1.400000000000000000e+02 1.105408663225673771e-02
1.500000000000000000e+02 9.965011923104061253e-03
1.600000000000000000e+02 9.051370304141770351e-03
1.700000000000000000e+02 8.275979916207237830e-03
1.800000000000000000e+02 7.611167993756662309e-03
1.900000000000000000e+02 7.035971656633027704e-03
2.000000000000000000e+02 6.534259320824159500e-03
2.100000000000000000e+02 6.093441305171060085e-03
2.200000000000000000e+02 5.703566882739014021e-03
2.300000000000000000e+02 5.356680425689874792e-03
2.400000000000000000e+02 5.046354734838026657e-03
2.500000000000000000e+02 4.767347733181104275e-03
2.600000000000000000e+02 4.515346465502695361e-03
2.700000000000000000e+02 4.286773815094013784e-03
2.800000000000000000e+02 4.078640895649271458e-03
2.900000000000000000e+02 3.888433129738244620e-03
3.000000000000000000e+02 3.714021463529060263e-03
3.100000000000000000e+02 3.553592541582661912e-03
3.200000000000000000e+02 3.405593327536787784e-03
3.300000000000000000e+02 3.268686834869999336e-03
3.400000000000000000e+02 3.141716477307016087e-03
3.500000000000000000e+02 3.023677161695909055e-03
3.600000000000000000e+02 2.913691695684172966e-03
3.700000000000000000e+02 2.810991415207381161e-03
3.800000000000000000e+02 2.714900185261881482e-03
3.900000000000000000e+02 2.624821114642711395e-03
4.000000000000000000e+02 2.540225467446866059e-03
4.100000000000000000e+02 2.460643362990483363e-03
4.200000000000000000e+02 2.385655939601910580e-03
4.300000000000000000e+02 2.314888722868196913e-03
4.400000000000000000e+02 2.248005989771428847e-03
4.500000000000000000e+02 2.184705960106059219e-03
4.600000000000000000e+02 2.124716678201521436e-03
4.700000000000000000e+02 2.067792473073093440e-03
4.800000000000000000e+02 2.013710905271914875e-03
4.900000000000000000e+02 1.962270124797521609e-03
5.000000000000000000e+02 1.913286577493678031e-03
5.100000000000000000e+02 1.866593007960160033e-03
5.200000000000000000e+02 1.822036715555003239e-03
5.300000000000000000e+02 1.779478027198466705e-03
5.400000000000000000e+02 1.738788956431702726e-03
5.500000000000000000e+02 1.699852022985337552e-03
5.600000000000000000e+02 1.662559211074665644e-03
5.700000000000000000e+02 1.626811047920811992e-03
5.800000000000000000e+02 1.592515786760700935e-03
5.900000000000000000e+02 1.559588680880075184e-03
6.000000000000000000e+02 1.527951337163740986e-03
6.100000000000000000e+02 1.497531139259572486e-03
6.200000000000000000e+02 1.468260731839171607e-03
6.300000000000000000e+02 1.440077558588021001e-03
6.400000000000000000e+02 1.412923447573072311e-03
6.500000000000000000e+02 1.386744238447701338e-03
6.600000000000000000e+02 1.361489446691593885e-03
6.700000000000000000e+02 1.337111960698050828e-03
6.800000000000000000e+02 1.313567768046641770e-03
6.900000000000000000e+02 1.290815707761294728e-03
7.000000000000000000e+02 1.268817245734743526e-03
7.100000000000000000e+02 1.247536270858856655e-03
7.200000000000000000e+02 1.226938909678204626e-03
7.300000000000000000e+02 1.206993357643015852e-03
7.400000000000000000e+02 1.187669725279588695e-03
7.500000000000000000e+02 1.168939897757237389e-03
7.600000000000000000e+02 1.150777406527220270e-03
7.700000000000000000e+02 1.133157311850346849e-03
7.800000000000000000e+02 1.116056095154527306e-03
7.900000000000000000e+02 1.099451560288483565e-03
8.000000000000000000e+02 1.083322742812253825e-03
8.100000000000000000e+02 1.067649826613031872e-03
8.200000000000000000e+02 1.052414067129164854e-03
8.300000000000000000e+02 1.037597720616068031e-03
8.400000000000000000e+02 1.023183978888980716e-03
8.500000000000000000e+02 1.009156909069858221e-03
8.600000000000000000e+02 9.955013978870941305e-04
8.700000000000000000e+02 9.822031001580355802e-04
8.800000000000000000e+02 9.692483910564431149e-04
8.900000000000000000e+02 9.566243218916692381e-04
9.000000000000000000e+02 9.443185790604657903e-04
9.100000000000000000e+02 9.323194459488204355e-04
9.200000000000000000e+02 9.206157675071824364e-04
9.300000000000000000e+02 9.091969173115055369e-04
9.400000000000000000e+02 8.980527668930593510e-04
9.500000000000000000e+02 8.871736571678390249e-04
9.600000000000000000e+02 8.765503717916567350e-04
9.700000000000000000e+02 8.661741122988342312e-04
9.800000000000000000e+02 8.560364748909088384e-04
9.900000000000000000e+02 8.461294287319398588e-04
1.000000000000000000e+03 8.364452956648449344e-04
1.010000000000000000e+03 8.269767312199249876e-04
1.020000000000000000e+03 8.177167068328383692e-04
1.030000000000000000e+03 8.086584931734364101e-04
1.040000000000000000e+03 7.997956445235931966e-04
1.050000000000000000e+03 7.911219841049976775e-04
1.060000000000000000e+03 7.826315903117497808e-04
1.070000000000000000e+03 7.743187837685738817e-04
1.080000000000000000e+03 7.661781151706292814e-04
1.090000000000000000e+03 7.582043538303662178e-04
1.100000000000000000e+03 7.503924769154124430e-04
1.110000000000000000e+03 7.427376592995249549e-04
1.120000000000000000e+03 7.352352640020431984e-04
1.130000000000000000e+03 7.278808331726005498e-04
1.140000000000000000e+03 7.206700795889253719e-04
1.150000000000000000e+03 7.135988786295399677e-04
1.160000000000000000e+03 7.066632606911038561e-04
1.170000000000000000e+03 6.998594040264483063e-04
1.180000000000000000e+03 6.931836279711334203e-04
1.190000000000000000e+03 6.866323865434287299e-04
1.200000000000000000e+03 6.802022623727532746e-04
1.210000000000000000e+03 6.738899609675663704e-04
1.220000000000000000e+03 6.676923052784666801e-04
1.230000000000000000e+03 6.616062305462855342e-04
1.240000000000000000e+03 6.556287794155513104e-04
1.250000000000000000e+03 6.497570973050537102e-04
1.260000000000000000e+03 6.439884280033669750e-04
1.270000000000000000e+03 6.383201095069013231e-04
1.280000000000000000e+03 6.327495700449159433e-04
1.290000000000000000e+03 6.272743243146972070e-04
1.300000000000000000e+03 6.218919699039482385e-04
1.310000000000000000e+03 6.166001838856793871e-04
1.320000000000000000e+03 6.113967195696123902e-04
1.330000000000000000e+03 6.062794034326635106e-04
1.340000000000000000e+03 6.012461321692752492e-04
1.350000000000000000e+03 5.962948699068104652e-04
1.360000000000000000e+03 5.914236455336896459e-04
1.370000000000000000e+03 5.866305501620594498e-04
1.380000000000000000e+03 5.819137347074510025e-04
1.390000000000000000e+03 5.772714075772955589e-04
1.400000000000000000e+03 5.727018324640231750e-04
1.410000000000000000e+03 5.682033262460750578e-04
1.420000000000000000e+03 5.637742569799542025e-04
1.430000000000000000e+03 5.594130419670495513e-04
1.440000000000000000e+03 5.551181459398368823e-04
1.450000000000000000e+03 5.508880792967352225e-04
1.460000000000000000e+03 5.467213964230333012e-04
1.470000000000000000e+03 5.426166940992183108e-04
1.480000000000000000e+03 5.385726099544352330e-04
1.490000000000000000e+03 5.345878210113175211e-04
1.500000000000000000e+03 5.306610422667334959e-04
1.510000000000000000e+03 5.267910253551333355e-04
1.520000000000000000e+03 5.229765572583866540e-04
1.530000000000000000e+03 5.192164590674952507e-04
1.540000000000000000e+03 5.155095847931279174e-04
1.550000000000000000e+03 5.118548202427963822e-04
1.560000000000000000e+03 5.082510819236496502e-04
1.570000000000000000e+03 5.046973159956447130e-04
1.580000000000000000e+03 5.011924972734282946e-04
1.590000000000000000e+03 4.977356282602762860e-04
1.600000000000000000e+03 4.943257382286903034e-04
1.610000000000000000e+03 4.909618823305261781e-04
1.620000000000000000e+03 4.876431407412895602e-04
1.630000000000000000e+03 4.843686178460648861e-04
1.640000000000000000e+03 4.811374414513125419e-04
1.650000000000000000e+03 4.779487620223954458e-04
1.660000000000000000e+03 4.748017519633218608e-04
1.670000000000000000e+03 4.716956049123088857e-04
1.680000000000000000e+03 4.686295350693203687e-04
1.690000000000000000e+03 4.656027765445602817e-04
1.700000000000000000e+03 4.626145827414107625e-04
1.710000000000000000e+03 4.596642257517213892e-04
1.720000000000000000e+03 4.567509957746074267e-04
1.730000000000000000e+03 4.538742005632534493e-04
1.740000000000000000e+03 4.510331648872045740e-04
1.750000000000000000e+03 4.482272300152800870e-04
1.760000000000000000e+03 4.454557532131142583e-04
1.770000000000000000e+03 4.427181072707009335e-04
1.780000000000000000e+03 4.400136800283005467e-04
1.790000000000000000e+03 4.373418739369860919e-04
1.800000000000000000e+03 4.347021056261557437e-04
1.810000000000000000e+03 4.320938054851175547e-04
1.820000000000000000e+03 4.295164172608278985e-04
1.830000000000000000e+03 4.269693976738930807e-04
1.840000000000000000e+03 4.244522160421482226e-04
1.850000000000000000e+03 4.219643539158379753e-04
1.860000000000000000e+03 4.195053047342800490e-04
1.870000000000000000e+03 4.170745734857483900e-04
1.880000000000000000e+03 4.146716763810120998e-04
1.890000000000000000e+03 4.122961405407243873e-04
1.900000000000000000e+03 4.099475036839772546e-04
1.910000000000000000e+03 4.076253138464158710e-04
1.920000000000000000e+03 4.053291290810057124e-04
1.930000000000000000e+03 4.030585171961031943e-04
1.940000000000000000e+03 4.008130554778999155e-04
1.950000000000000000e+03 3.985923304382354981e-04
1.960000000000000000e+03 3.963959375711256783e-04
1.970000000000000000e+03 3.942234810963007874e-04
1.980000000000000000e+03 3.920745737379383034e-04
1.990000000000000000e+03 3.899488364986214428e-04
2.000000000000000000e+03 3.878458984315491520e-04
2.010000000000000000e+03 3.857653964333129792e-04
2.020000000000000000e+03 3.837069750436683524e-04
2.030000000000000000e+03 3.816702862362575388e-04
2.040000000000000000e+03 3.796549892316758434e-04
2.050000000000000000e+03 3.776607503132856092e-04
2.060000000000000000e+03 3.756872426394219922e-04
2.070000000000000000e+03 3.737341460689214134e-04
2.080000000000000000e+03 3.718011469972526406e-04
2.090000000000000000e+03 3.698879381836550628e-04
2.100000000000000000e+03 3.679942185915163755e-04
2.110000000000000000e+03 3.661196932433219420e-04
2.120000000000000000e+03 3.642640730546764516e-04
2.130000000000000000e+03 3.624270746977464874e-04
2.140000000000000000e+03 3.606084204574588892e-04
2.150000000000000000e+03 3.588078380906412068e-04
2.160000000000000000e+03 3.570250606989844311e-04
2.170000000000000000e+03 3.552598265912365605e-04
2.180000000000000000e+03 3.535118791614666467e-04
2.190000000000000000e+03 3.517809667644145044e-04
2.200000000000000000e+03 3.500668426014708068e-04
2.210000000000000000e+03 3.483692645988578640e-04
2.220000000000000000e+03 3.466879952994383896e-04
2.230000000000000000e+03 3.450228017501111299e-04
2.240000000000000000e+03 3.433734553983658344e-04
2.250000000000000000e+03 3.417397319915305154e-04
2.260000000000000000e+03 3.401214114691353263e-04
2.270000000000000000e+03 3.385182778738171638e-04
2.280000000000000000e+03 3.369301192492901720e-04
2.290000000000000000e+03 3.353567275540814130e-04
2.300000000000000000e+03 3.337978985709644242e-04
2.310000000000000000e+03 3.322534318163372635e-04
2.320000000000000000e+03 3.307231304572055830e-04
2.330000000000000000e+03 3.292068012300253255e-04
2.340000000000000000e+03 3.277042543575747757e-04
2.350000000000000000e+03 3.262153034760129078e-04
2.360000000000000000e+03 3.247397655539441264e-04
2.370000000000000000e+03 3.232774608208921485e-04
2.380000000000000000e+03 3.218282126926930165e-04
2.390000000000000000e+03 3.203918477028833145e-04
2.400000000000000000e+03 3.189681954349210535e-04
2.410000000000000000e+03 3.175570884587364251e-04
2.420000000000000000e+03 3.161583622579844377e-04
2.430000000000000000e+03 3.147718551751166327e-04
2.440000000000000000e+03 3.133974083382451425e-04
2.450000000000000000e+03 3.120348656222016182e-04
2.460000000000000000e+03 3.106840735644378348e-04
2.470000000000000000e+03 3.093448813283328214e-04
2.480000000000000000e+03 3.080171406386056354e-04
2.490000000000000000e+03 3.067007057273862802e-04
2.500000000000000000e+03 3.053954332846720021e-04
2.510000000000000000e+03 3.041011823998185370e-04
2.520000000000000000e+03 3.028178145277893307e-04
2.530000000000000000e+03 3.015451934197388439e-04
2.540000000000000000e+03 3.002831850901221955e-04
2.550000000000000000e+03 2.990316577609064552e-04
2.560000000000000000e+03 2.977904818260712627e-04
2.570000000000000000e+03 2.965595297941825415e-04
2.580000000000000000e+03 2.953386762603316118e-04
2.590000000000000000e+03 2.941277978527889747e-04
2.600000000000000000e+03 2.929267731947016173e-04
2.610000000000000000e+03 2.917354828695650770e-04
2.620000000000000000e+03 2.905538093709025826e-04
2.630000000000000000e+03 2.893816370760637913e-04
2.640000000000000000e+03 2.882188522025375121e-04
2.650000000000000000e+03 2.870653427674563218e-04
2.660000000000000000e+03 2.859209985656141484e-04
2.670000000000000000e+03 2.847857111210605474e-04
2.680000000000000000e+03 2.836593736547377009e-04
2.690000000000000000e+03 2.825418810655233592e-04
2.700000000000000000e+03 2.814331298784111812e-04
2.710000000000000000e+03 2.803330182236940527e-04
2.720000000000000000e+03 2.792414458052672188e-04
2.730000000000000000e+03 2.781583138713183967e-04
2.740000000000000000e+03 2.770835251800496390e-04
2.750000000000000000e+03 2.760169839736703601e-04
2.760000000000000000e+03 2.749585959546940739e-04
2.770000000000000000e+03 2.739082682479965225e-04
2.780000000000000000e+03 2.728659093831908855e-04
2.790000000000000000e+03 2.718314292678436495e-04
2.800000000000000000e+03 2.708047391558054962e-04
2.810000000000000000e+03 2.697857516265056432e-04
2.820000000000000000e+03 2.687743805583342471e-04
2.830000000000000000e+03 2.677705411059105867e-04
2.840000000000000000e+03 2.667741496766851128e-04
2.850000000000000000e+03 2.657851239092068329e-04
2.860000000000000000e+03 2.648033826482543152e-04
2.870000000000000000e+03 2.638288459201332259e-04
2.880000000000000000e+03 2.628614349203528544e-04
2.890000000000000000e+03 2.619010719828174238e-04
2.900000000000000000e+03 2.609476805631727458e-04
2.910000000000000000e+03 2.600011852220140973e-04
2.920000000000000000e+03 2.590615116013217367e-04
2.930000000000000000e+03 2.581285864024229770e-04
2.940000000000000000e+03 2.572023373742515773e-04
2.950000000000000000e+03 2.562826932902273480e-04
2.960000000000000000e+03 2.553695839268843581e-04
2.970000000000000000e+03 2.544629400589581980e-04
2.980000000000000000e+03 2.535626934261347998e-04
2.990000000000000000e+03 2.526687767266944107e-04
3.000000000000000000e+03 2.517811235944467096e-04
3.010000000000000000e+03 2.508996685926245807e-04
3.020000000000000000e+03 2.500243471833529796e-04
3.030000000000000000e+03 2.491550957225696639e-04
3.040000000000000000e+03 2.482918514413734457e-04
3.050000000000000000e+03 2.474345524305643362e-04
3.060000000000000000e+03 2.465831376327887181e-04
3.070000000000000000e+03 2.457375468139511021e-04
3.080000000000000000e+03 2.448977205583291461e-04
3.090000000000000000e+03 2.440636002630502954e-04
3.100000000000000000e+03 2.432351281042299807e-04
3.110000000000000000e+03 2.424122470441048005e-04
3.120000000000000000e+03 2.415949007960604966e-04
3.130000000000000000e+03 2.407830338414518323e-04
3.140000000000000000e+03 2.399765913885243407e-04
3.150000000000000000e+03 2.391755193745515040e-04
3.160000000000000000e+03 2.383797644541219007e-04
3.170000000000000000e+03 2.375892739815421706e-04
3.180000000000000000e+03 2.368039960024548307e-04
3.190000000000000000e+03 2.360238792459279367e-04
3.200000000000000000e+03 2.352488731066915140e-04
3.210000000000000000e+03 2.344789276391978650e-04
3.220000000000000000e+03 2.337139935419119130e-04
3.230000000000000000e+03 2.329540221565062907e-04
3.240000000000000000e+03 2.321989654459344354e-04
3.250000000000000000e+03 2.314487759932648547e-04
3.260000000000000000e+03 2.307034069843616475e-04
3.270000000000000000e+03 2.299628122055252799e-04
3.280000000000000000e+03 2.292269460349161125e-04
3.290000000000000000e+03 2.284957634186846054e-04
3.300000000000000000e+03 2.277692198805747470e-04
3.310000000000000000e+03 2.270472714993032604e-04
3.320000000000000000e+03 2.263298749117514941e-04
3.330000000000000000e+03 2.256169872953406319e-04
3.340000000000000000e+03 2.249085663540706381e-04
3.350000000000000000e+03 2.242045703304829107e-04
3.360000000000000000e+03 2.235049579774606165e-04
3.370000000000000000e+03 2.228096885584784914e-04
3.380000000000000000e+03 2.221187218436337929e-04
3.390000000000000000e+03 2.214320180930484661e-04
3.400000000000000000e+03 2.207495380554813647e-04
3.410000000000000000e+03 2.200712429608064902e-04
3.420000000000000000e+03 2.193970945054690702e-04
3.430000000000000000e+03 2.187270548575648288e-04
3.440000000000000000e+03 2.180610866421572869e-04
3.450000000000000000e+03 2.173991529313135107e-04
3.460000000000000000e+03 2.167412172444094232e-04
3.470000000000000000e+03 2.160872435402472203e-04
3.480000000000000000e+03 2.154371962052870071e-04
3.490000000000000000e+03 2.147910400494557059e-04
3.500000000000000000e+03 2.141487403093944586e-04
3.510000000000000000e+03 2.135102626267815218e-04
3.520000000000000000e+03 2.128755730506914912e-04
3.530000000000000000e+03 2.122446380301568070e-04
3.540000000000000000e+03 2.116174244124469084e-04
3.550000000000000000e+03 2.109938994261095768e-04
3.560000000000000000e+03 2.103740306934331894e-04
3.570000000000000000e+03 2.097577862007760086e-04
3.580000000000000000e+03 2.091451343186057077e-04
3.590000000000000000e+03 2.085360437755201524e-04
3.600000000000000000e+03 2.079304836637707599e-04
3.610000000000000000e+03 2.073284234325734054e-04
3.620000000000000000e+03 2.067298328815858621e-04
3.630000000000000000e+03 2.061346821588538880e-04
3.640000000000000000e+03 2.055429417486820398e-04
3.650000000000000000e+03 2.049545824737708521e-04
3.660000000000000000e+03 2.043695754876950765e-04
3.670000000000000000e+03 2.037878922740155030e-04
3.680000000000000000e+03 2.032095046323734167e-04
3.690000000000000000e+03 2.026343846826261785e-04
3.700000000000000000e+03 2.020625048612945118e-04
3.710000000000000000e+03 2.014938379074904251e-04
3.720000000000000000e+03 2.009283568704667289e-04
3.730000000000000000e+03 2.003660350960723147e-04
3.740000000000000000e+03 1.998068462259472433e-04
3.750000000000000000e+03 1.992507641963847664e-04
3.760000000000000000e+03 1.986977632277286965e-04
3.770000000000000000e+03 1.981478178278150981e-04
3.780000000000000000e+03 1.976009027847558386e-04
3.790000000000000000e+03 1.970569931595556046e-04
3.800000000000000000e+03 1.965160642863339469e-04
3.810000000000000000e+03 1.959780917703546343e-04
3.820000000000000000e+03 1.954430514835014954e-04
3.830000000000000000e+03 1.949109195513443193e-04
3.840000000000000000e+03 1.943816723642965982e-04
3.850000000000000000e+03 1.938552865694831429e-04
3.860000000000000000e+03 1.933317390549749160e-04
3.870000000000000000e+03 1.928110069651378655e-04
3.880000000000000000e+03 1.922930676891698720e-04
3.890000000000000000e+03 1.917778988501650517e-04
3.900000000000000000e+03 1.912654783140788073e-04
3.910000000000000000e+03 1.907557841862028702e-04
3.920000000000000000e+03 1.902487947945119551e-04
3.930000000000000000e+03 1.897444887010157899e-04
3.940000000000000000e+03 1.892428446884086846e-04
3.950000000000000000e+03 1.887438417706721605e-04
3.960000000000000000e+03 1.882474591774208061e-04
3.970000000000000000e+03 1.877536763513765194e-04
3.980000000000000000e+03 1.872624729523930664e-04
3.990000000000000000e+03 1.867738288537090785e-04
4.000000000000000000e+03 1.862877241346760915e-04
4.010000000000000000e+03 1.858041390810916127e-04
4.020000000000000000e+03 1.853230541799533171e-04
4.030000000000000000e+03 1.848444501260093631e-04
4.040000000000000000e+03 1.843683078012747778e-04
4.050000000000000000e+03 1.838946082924619585e-04
4.060000000000000000e+03 1.834233328772971738e-04
4.070000000000000000e+03 1.829544630197466049e-04
4.080000000000000000e+03 1.824879803737078365e-04
4.090000000000000000e+03 1.820238667850637704e-04
4.100000000000000000e+03 1.815621042755843906e-04
4.110000000000000000e+03 1.811026750500044358e-04
4.120000000000000000e+03 1.806455614977442448e-04
4.130000000000000000e+03 1.801907461732032978e-04
4.140000000000000000e+03 1.797382118162438314e-04
4.150000000000000000e+03 1.792879413310966008e-04
4.160000000000000000e+03 1.788399178011268464e-04
4.170000000000000000e+03 1.783941244673237225e-04
4.180000000000000000e+03 1.779505447470908219e-04
4.190000000000000000e+03 1.775091622098767807e-04
4.200000000000000000e+03 1.770699605959380474e-04
4.210000000000000000e+03 1.766329238058472750e-04
4.220000000000000000e+03 1.761980358905568256e-04
4.230000000000000000e+03 1.757652810653598241e-04
4.240000000000000000e+03 1.753346436934588581e-04
4.250000000000000000e+03 1.749061082919056709e-04
4.260000000000000000e+03 1.744796595338216072e-04
4.270000000000000000e+03 1.740552822320218240e-04
4.280000000000000000e+03 1.736329613503118097e-04
4.290000000000000000e+03 1.732126819972423792e-04
4.300000000000000000e+03 1.727944294233896283e-04
4.310000000000000000e+03 1.723781890274611595e-04
4.320000000000000000e+03 1.719639463349242892e-04
4.330000000000000000e+03 1.715516870238187330e-04
4.340000000000000000e+03 1.711413968984998313e-04
4.350000000000000000e+03 1.707330619046543152e-04
4.360000000000000000e+03 1.703266681147286299e-04
4.370000000000000000e+03 1.699222017392809647e-04
4.380000000000000000e+03 1.695196491161010677e-04
4.390000000000000000e+03 1.691189967117368020e-04
4.400000000000000000e+03 1.687202311158042534e-04
4.410000000000000000e+03 1.683233390575300525e-04
4.420000000000000000e+03 1.679283073728887743e-04
4.430000000000000000e+03 1.675351230289445770e-04
4.440000000000000000e+03 1.671437731164959750e-04
4.450000000000000000e+03 1.667542448427206114e-04
4.460000000000000000e+03 1.663665255328128367e-04
4.470000000000000000e+03 1.659806026286236857e-04
4.480000000000000000e+03 1.655964636930185030e-04
4.490000000000000000e+03 1.652140963975257115e-04
4.500000000000000000e+03 1.648334885304969522e-04
4.510000000000000000e+03 1.644546279885583662e-04
4.520000000000000000e+03 1.640775027846597123e-04
4.530000000000000000e+03 1.637021010314487768e-04
4.540000000000000000e+03 1.633284109637256343e-04
4.550000000000000000e+03 1.629564209094380711e-04
4.560000000000000000e+03 1.625861193098043778e-04
4.570000000000000000e+03 1.622174947062959838e-04
4.580000000000000000e+03 1.618505357494359753e-04
4.590000000000000000e+03 1.614852311870029755e-04
4.600000000000000000e+03 1.611215698670009910e-04
4.610000000000000000e+03 1.607595407464579296e-04
4.620000000000000000e+03 1.603991328645026915e-04
4.630000000000000000e+03 1.600403353749502156e-04
4.640000000000000000e+03 1.596831375197671488e-04
4.650000000000000000e+03 1.593275286364548293e-04
4.660000000000000000e+03 1.589734981547186177e-04
4.670000000000000000e+03 1.586210356054884585e-04
4.680000000000000000e+03 1.582701306056255586e-04
4.690000000000000000e+03 1.579207728659715038e-04
4.700000000000000000e+03 1.575729521848256987e-04
4.710000000000000000e+03 1.572266584554393720e-04
4.720000000000000000e+03 1.568818816527484117e-04
4.730000000000000000e+03 1.565386118442257946e-04
4.740000000000000000e+03 1.561968391801671352e-04
4.750000000000000000e+03 1.558565539009071355e-04
4.760000000000000000e+03 1.555177463271606442e-04
4.770000000000000000e+03 1.551804068632978151e-04
4.780000000000000000e+03 1.548445259976771737e-04
4.790000000000000000e+03 1.545100943048383080e-04
4.800000000000000000e+03 1.541771024354543496e-04
4.810000000000000000e+03 1.538455411148331731e-04
4.820000000000000000e+03 1.535154011641226557e-04
4.830000000000000000e+03 1.531866734632569838e-04
4.840000000000000000e+03 1.528593489854013221e-04
4.850000000000000000e+03 1.525334187736926417e-04
4.860000000000000000e+03 1.522088739450977446e-04
4.870000000000000000e+03 1.518857056959921348e-04
4.880000000000000000e+03 1.515639053019102178e-04
4.890000000000000000e+03 1.512434640928983498e-04
4.900000000000000000e+03 1.509243734959808680e-04
4.910000000000000000e+03 1.506066249935544832e-04
4.920000000000000000e+03 1.502902101493674980e-04
4.930000000000000000e+03 1.499751205894239714e-04
4.940000000000000000e+03 1.496613480132247265e-04
4.950000000000000000e+03 1.493488841916856824e-04
4.960000000000000000e+03 1.490377209610038722e-04
4.970000000000000000e+03 1.487278502261268898e-04
4.980000000000000000e+03 1.484192639566728200e-04
4.990000000000000000e+03 1.481119541958397789e-04
