1.000000000000000000e+01 5.772790424115019636e-01
2.000000000000000000e+01 2.427774088687676135e-01
3.000000000000000000e+01 1.296857831540445816e-01
4.000000000000000000e+01 8.151252460385191578e-02
5.000000000000000000e+01 5.664184354906059982e-02
6.000000000000000000e+01 4.207953254023652501e-02
7.000000000000000000e+01 3.277703457944686205e-02
8.000000000000000000e+01 2.644472688121715653e-02
9.000000000000000000e+01 2.192098648979040609e-02
1.000000000000000000e+02 1.856443293960127749e-02
1.100000000000000000e+02 1.599675635773564752e-02
1.200000000000000000e+02 1.398267900697419686e-02
1.300000000000000000e+02 1.236938462641215541e-02
1.400000000000000000e+02 1.105395398368871906e-02
1.500000000000000000e+02 9.964911348982780082e-03
1.600000000000000000e+02 9.051292668217664206e-03
1.700000000000000000e+02 8.275919035170609117e-03
1.800000000000000000e+02 7.611119581190733951e-03
1.900000000000000000e+02 7.035932677421891102e-03
2.000000000000000000e+02 6.534227584928747889e-03
2.100000000000000000e+02 6.093415205389529632e-03
2.200000000000000000e+02 5.703545221486444605e-03
2.300000000000000000e+02 5.356662298204500905e-03
2.400000000000000000e+02 5.046339448942643857e-03
2.500000000000000000e+02 4.767334753218332999e-03
2.600000000000000000e+02 4.515335372555689952e-03
2.700000000000000000e+02 4.286764278348453860e-03
2.800000000000000000e+02 4.078632651512842378e-03
2.900000000000000000e+02 3.888425966430214542e-03
3.000000000000000000e+02 3.714015209578674925e-03
3.100000000000000000e+02 3.553587057153251294e-03
3.200000000000000000e+02 3.405588497821077087e-03
3.300000000000000000e+02 3.268682565016861608e-03
3.400000000000000000e+02 3.141712688488229599e-03
3.500000000000000000e+02 3.023673788035780019e-03
3.600000000000000000e+02 2.913688681842274697e-03
3.700000000000000000e+02 2.810988714464279781e-03
3.800000000000000000e+02 2.714897757993772753e-03
3.900000000000000000e+02 2.624818927093014453e-03
4.000000000000000000e+02 2.540223490737847367e-03
4.100000000000000000e+02 2.460641572321120574e-03
4.200000000000000000e+02 2.385654313590918063e-03
4.300000000000000000e+02 2.314887243015872897e-03
4.400000000000000000e+02 2.248004640017703393e-03
4.500000000000000000e+02 2.184704726463981839e-03
4.600000000000000000e+02 2.124715548448563585e-03
4.700000000000000000e+02 2.067791436498739310e-03
4.800000000000000000e+02 2.013709952465581043e-03
4.900000000000000000e+02 1.962269247464620836e-03
5.000000000000000000e+02 1.913285768308403689e-03
5.100000000000000000e+02 1.866592260431287897e-03
5.200000000000000000e+02 1.822036023919865189e-03
5.300000000000000000e+02 1.779477386329553212e-03
5.400000000000000000e+02 1.738788361756060663e-03
5.500000000000000000e+02 1.699851470413932253e-03
5.600000000000000000e+02 1.662558696946786485e-03
5.700000000000000000e+02 1.626810568950254332e-03
5.800000000000000000e+02 1.592515339992633949e-03
5.900000000000000000e+02 1.559588263653460816e-03
6.000000000000000000e+02 1.527950947076112120e-03
6.100000000000000000e+02 1.497530774140803933e-03
6.200000000000000000e+02 1.468260389722364501e-03
6.300000000000000000e+02 1.440077237689435519e-03
6.400000000000000000e+02 1.412923146273392661e-03
6.500000000000000000e+02 1.386743955274216678e-03
6.600000000000000000e+02 1.361489180300767821e-03
6.700000000000000000e+02 1.337111709864724496e-03
6.800000000000000000e+02 1.313567531651016473e-03
6.900000000000000000e+02 1.290815484779245237e-03
7.000000000000000000e+02 1.268817035228742007e-03
7.100000000000000000e+02 1.247536071968313731e-03
7.200000000000000000e+02 1.226938721612697014e-03
7.300000000000000000e+02 1.206993179676291161e-03
7.400000000000000000e+02 1.187669556743514709e-03
7.500000000000000000e+02 1.168939738033836218e-03
7.600000000000000000e+02 1.150777255049029169e-03
7.700000000000000000e+02 1.133157168092008282e-03
7.800000000000000000e+02 1.116055958630624012e-03
7.900000000000000000e+02 1.099451430549069908e-03
8.000000000000000000e+02 1.083322619440635348e-03
8.100000000000000000e+02 1.067649709223544852e-03
8.200000000000000000e+02 1.052413955363984410e-03
8.300000000000000000e+02 1.037597614142321545e-03
8.400000000000000000e+02 1.023183877397415564e-03
8.500000000000000000e+02 1.009156812271178039e-03
8.600000000000000000e+02 9.955013055160666369e-04
8.700000000000000000e+02 9.822030119608360366e-04
8.800000000000000000e+02 9.692483068024504433e-04
8.900000000000000000e+02 9.566242413613368356e-04
9.000000000000000000e+02 9.443185020522049111e-04
9.100000000000000000e+02 9.323193722706457631e-04
9.200000000000000000e+02 9.206156969799317302e-04
9.300000000000000000e+02 9.091968497695890328e-04
9.400000000000000000e+02 8.980527021816842037e-04
9.500000000000000000e+02 8.871735951389014829e-04
9.600000000000000000e+02 8.765503123078777215e-04
9.700000000000000000e+02 8.661740552316499198e-04
9.800000000000000000e+02 8.560364201178338739e-04
9.900000000000000000e+02 8.461293761389265811e-04
1.000000000000000000e+03 8.364452451442572212e-04
1.010000000000000000e+03 8.269766826725366560e-04
1.020000000000000000e+03 8.177166601605057039e-04
1.030000000000000000e+03 8.086584482884795477e-04
1.040000000000000000e+03 7.997956013410800757e-04
1.050000000000000000e+03 7.911219425438265063e-04
1.060000000000000000e+03 7.826315502980907279e-04
1.070000000000000000e+03 7.743187452301791840e-04
1.080000000000000000e+03 7.661780780392757340e-04
1.090000000000000000e+03 7.582043180441866426e-04
1.100000000000000000e+03 7.503924424137053961e-04
1.110000000000000000e+03 7.427376260240037276e-04
1.120000000000000000e+03 7.352352318993338187e-04
1.130000000000000000e+03 7.278808021916327586e-04
1.140000000000000000e+03 7.206700496808493561e-04
1.150000000000000000e+03 7.135988497484757609e-04
1.160000000000000000e+03 7.066632327933919377e-04
1.170000000000000000e+03 6.998593770704553130e-04
1.180000000000000000e+03 6.931836019187231912e-04
1.190000000000000000e+03 6.866323613545222138e-04
1.200000000000000000e+03 6.802022380131556023e-04
1.210000000000000000e+03 6.738899374022777611e-04
1.220000000000000000e+03 6.676922824774000897e-04
1.230000000000000000e+03 6.616062084781881847e-04
1.240000000000000000e+03 6.556287580517239366e-04
1.250000000000000000e+03 6.497570766153537569e-04
1.260000000000000000e+03 6.439884079631752467e-04
1.270000000000000000e+03 6.383200900910157571e-04
1.280000000000000000e+03 6.327495512283842771e-04
1.290000000000000000e+03 6.272743060752039579e-04
1.300000000000000000e+03 6.218919522201493688e-04
1.310000000000000000e+03 6.166001667343712356e-04
1.320000000000000000e+03 6.113967029339195669e-04
1.330000000000000000e+03 6.062793872904370662e-04
1.340000000000000000e+03 6.012461165045834832e-04
1.350000000000000000e+03 5.962948546999746746e-04
1.360000000000000000e+03 5.914236307692222194e-04
1.370000000000000000e+03 5.866305358258883107e-04
1.380000000000000000e+03 5.819137207827562719e-04
1.390000000000000000e+03 5.772713940467577576e-04
1.400000000000000000e+03 5.727018193162625170e-04
1.410000000000000000e+03 5.682033134689346010e-04
1.420000000000000000e+03 5.637742445576687800e-04
1.430000000000000000e+03 5.594130298889055108e-04
1.440000000000000000e+03 5.551181341947319936e-04
1.450000000000000000e+03 5.508880678720406987e-04
1.460000000000000000e+03 5.467213853080077346e-04
1.470000000000000000e+03 5.426166832822598707e-04
1.480000000000000000e+03 5.385725994280221585e-04
1.490000000000000000e+03 5.345878107640145149e-04
1.500000000000000000e+03 5.306610322902138854e-04
1.510000000000000000e+03 5.267910156414035150e-04
1.520000000000000000e+03 5.229765477977321719e-04
1.530000000000000000e+03 5.192164498508677895e-04
1.540000000000000000e+03 5.155095758147820728e-04
1.550000000000000000e+03 5.118548114941556815e-04
1.560000000000000000e+03 5.082510733971923322e-04
1.570000000000000000e+03 5.046973076838767724e-04
1.580000000000000000e+03 5.011924891695773709e-04
1.590000000000000000e+03 4.977356203579863525e-04
1.600000000000000000e+03 4.943257305226322895e-04
1.610000000000000000e+03 4.909618748139554789e-04
1.620000000000000000e+03 4.876431334091824166e-04
1.630000000000000000e+03 4.843686106931199831e-04
1.640000000000000000e+03 4.811374344705077188e-04
1.650000000000000000e+03 4.779487552083461210e-04
1.660000000000000000e+03 4.748017453130859433e-04
1.670000000000000000e+03 4.716955984191140150e-04
1.680000000000000000e+03 4.686295287297248535e-04
1.690000000000000000e+03 4.656027703534570961e-04
1.700000000000000000e+03 4.626145766948586147e-04
1.710000000000000000e+03 4.596642198450573424e-04
1.720000000000000000e+03 4.567509900052224570e-04
1.730000000000000000e+03 4.538741949258184860e-04
1.740000000000000000e+03 4.510331593784999704e-04
1.750000000000000000e+03 4.482272246311702624e-04
1.760000000000000000e+03 4.454557479513787666e-04
1.770000000000000000e+03 4.427181021255111038e-04
1.780000000000000000e+03 4.400136749977689998e-04
1.790000000000000000e+03 4.373418690191976932e-04
1.800000000000000000e+03 4.347021008165030675e-04
1.810000000000000000e+03 4.320938007797148206e-04
1.820000000000000000e+03 4.295164126583983499e-04
1.830000000000000000e+03 4.269693931707174706e-04
1.840000000000000000e+03 4.244522116358118158e-04
1.850000000000000000e+03 4.219643496035097030e-04
1.860000000000000000e+03 4.195053005143223324e-04
1.870000000000000000e+03 4.170745693553024047e-04
1.880000000000000000e+03 4.146716723388010895e-04
1.890000000000000000e+03 4.122961365835842162e-04
1.900000000000000000e+03 4.099474998100482992e-04
1.910000000000000000e+03 4.076253100516180616e-04
1.920000000000000000e+03 4.053291253656998716e-04
1.930000000000000000e+03 4.030585135568753863e-04
1.940000000000000000e+03 4.008130519131958280e-04
1.950000000000000000e+03 3.985923269463620411e-04
1.960000000000000000e+03 3.963959341504730283e-04
1.970000000000000000e+03 3.942234777425390746e-04
1.980000000000000000e+03 3.920745704533434850e-04
1.990000000000000000e+03 3.899488332780587374e-04
2.000000000000000000e+03 3.878458952750463151e-04
2.010000000000000000e+03 3.857653933408144997e-04
2.020000000000000000e+03 3.837069720104557824e-04
2.030000000000000000e+03 3.816702832614704555e-04
2.040000000000000000e+03 3.796549863182563378e-04
2.050000000000000000e+03 3.776607474542947873e-04
2.060000000000000000e+03 3.756872398343324981e-04
2.070000000000000000e+03 3.737341433173446692e-04
2.080000000000000000e+03 3.718011442999935579e-04
2.090000000000000000e+03 3.698879355360784604e-04
2.100000000000000000e+03 3.679942159952875880e-04
2.110000000000000000e+03 3.661196906956099006e-04
2.120000000000000000e+03 3.642640705548150226e-04
2.130000000000000000e+03 3.624270722445699366e-04
2.140000000000000000e+03 3.606084180506341497e-04
2.150000000000000000e+03 3.588078357287527442e-04
2.160000000000000000e+03 3.570250583796452659e-04
2.170000000000000000e+03 3.552598243138083145e-04
2.180000000000000000e+03 3.535118769261158533e-04
2.190000000000000000e+03 3.517809645684766284e-04
2.200000000000000000e+03 3.500668404465556716e-04
2.210000000000000000e+03 3.483692624833834017e-04
2.220000000000000000e+03 3.466879932206012871e-04
2.230000000000000000e+03 3.450227997086885434e-04
2.240000000000000000e+03 3.433734533933863187e-04
2.250000000000000000e+03 3.417397300216062916e-04
2.260000000000000000e+03 3.401214095344051724e-04
2.270000000000000000e+03 3.385182759701732547e-04
2.280000000000000000e+03 3.369301173805627769e-04
2.290000000000000000e+03 3.353567257193268425e-04
2.300000000000000000e+03 3.337978967666299646e-04
2.310000000000000000e+03 3.322534300432278265e-04
2.320000000000000000e+03 3.307231287128231667e-04
2.330000000000000000e+03 3.292067995145919745e-04
2.340000000000000000e+03 3.277042526731166472e-04
2.350000000000000000e+03 3.262153018196434218e-04
2.360000000000000000e+03 3.247397639269677949e-04
2.370000000000000000e+03 3.232774592206999476e-04
2.380000000000000000e+03 3.218282111177583893e-04
2.390000000000000000e+03 3.203918461542054619e-04
2.400000000000000000e+03 3.189681939132771316e-04
2.410000000000000000e+03 3.175570869633215221e-04
2.420000000000000000e+03 3.161583607864948409e-04
2.430000000000000000e+03 3.147718537256927185e-04
2.440000000000000000e+03 3.133974069136624685e-04
2.450000000000000000e+03 3.120348642202952494e-04
2.460000000000000000e+03 3.106840721864012611e-04
2.470000000000000000e+03 3.093448799718068187e-04
2.480000000000000000e+03 3.080171393035624483e-04
2.490000000000000000e+03 3.067007044123271076e-04
2.500000000000000000e+03 3.053954319904295112e-04
2.510000000000000000e+03 3.041011811270033505e-04
2.520000000000000000e+03 3.028178132745973361e-04
2.530000000000000000e+03 3.015451921878353758e-04
2.540000000000000000e+03 3.002831838764263850e-04
2.550000000000000000e+03 2.990316565671946591e-04
2.560000000000000000e+03 2.977904806502340573e-04
2.570000000000000000e+03 2.965595286366917716e-04
2.580000000000000000e+03 2.953386751209374772e-04
2.590000000000000000e+03 2.941277967311584085e-04
2.600000000000000000e+03 2.929267720902239969e-04
2.610000000000000000e+03 2.917354817812967127e-04
2.620000000000000000e+03 2.905538082989544968e-04
2.630000000000000000e+03 2.893816360205192506e-04
2.640000000000000000e+03 2.882188511621752713e-04
2.650000000000000000e+03 2.870653417440527377e-04
2.660000000000000000e+03 2.859209975577259311e-04
2.670000000000000000e+03 2.847857101251349832e-04
2.680000000000000000e+03 2.836593726760761047e-04
2.690000000000000000e+03 2.825418801004064839e-04
2.700000000000000000e+03 2.814331289284488502e-04
2.710000000000000000e+03 2.803330172872486870e-04
2.720000000000000000e+03 2.792414448823110629e-04
2.730000000000000000e+03 2.781583129621845174e-04
2.740000000000000000e+03 2.770835242840163914e-04
2.750000000000000000e+03 2.760169830914316336e-04
2.760000000000000000e+03 2.749585950842514670e-04
2.770000000000000000e+03 2.739082673901549470e-04
2.780000000000000000e+03 2.728659085384776972e-04
2.790000000000000000e+03 2.718314284351486254e-04
2.800000000000000000e+03 2.708047383354617033e-04
2.810000000000000000e+03 2.697857508166534579e-04
2.820000000000000000e+03 2.687743797593067363e-04
2.830000000000000000e+03 2.677705403180130617e-04
2.840000000000000000e+03 2.667741489000285959e-04
2.850000000000000000e+03 2.657851231451791030e-04
2.860000000000000000e+03 2.648033818926365246e-04
2.870000000000000000e+03 2.638288451759229769e-04
2.880000000000000000e+03 2.628614341851076563e-04
2.890000000000000000e+03 2.619010712588132339e-04
2.900000000000000000e+03 2.609476798500487416e-04
2.910000000000000000e+03 2.600011845179939218e-04
2.920000000000000000e+03 2.590615109065996791e-04
2.930000000000000000e+03 2.581285857171655707e-04
2.940000000000000000e+03 2.572023366986531112e-04
2.950000000000000000e+03 2.562826926229833102e-04
2.960000000000000000e+03 2.553695832690217049e-04
2.970000000000000000e+03 2.544629394103103959e-04
2.980000000000000000e+03 2.535626927866740932e-04
2.990000000000000000e+03 2.526687760943668870e-04
3.000000000000000000e+03 2.517811229715838373e-04
3.010000000000000000e+03 2.508996679776720473e-04
3.020000000000000000e+03 2.500243465779483643e-04
3.030000000000000000e+03 2.491550951235765865e-04
3.040000000000000000e+03 2.482918508487641507e-04
3.050000000000000000e+03 2.474345518486409379e-04
3.060000000000000000e+03 2.465831370566662351e-04
3.070000000000000000e+03 2.457375462442401570e-04
3.080000000000000000e+03 2.448977199988877640e-04
3.090000000000000000e+03 2.440635997089102283e-04
3.100000000000000000e+03 2.432351275579724970e-04
3.110000000000000000e+03 2.424122465021494310e-04
3.120000000000000000e+03 2.415949002624317998e-04
3.130000000000000000e+03 2.407830333163996084e-04
3.140000000000000000e+03 2.399765908668305414e-04
3.150000000000000000e+03 2.391755188616284666e-04
3.160000000000000000e+03 2.383797639481377573e-04
3.170000000000000000e+03 2.375892734813311868e-04
3.180000000000000000e+03 2.368039955087664072e-04
3.190000000000000000e+03 2.360238787585122733e-04
3.200000000000000000e+03 2.352488726253543216e-04
3.210000000000000000e+03 2.344789271631064764e-04
3.220000000000000000e+03 2.337139930726206405e-04
3.230000000000000000e+03 2.329540216916559103e-04
3.240000000000000000e+03 2.321989649881617268e-04
3.250000000000000000e+03 2.314487755389338375e-04
3.260000000000000000e+03 2.307034065357482788e-04
3.270000000000000000e+03 2.299628117643226499e-04
3.280000000000000000e+03 2.292269455971274184e-04
3.290000000000000000e+03 2.284957629851702698e-04
3.300000000000000000e+03 2.277692194534997050e-04
3.310000000000000000e+03 2.270472710787507786e-04
3.320000000000000000e+03 2.263298744971942167e-04
3.330000000000000000e+03 2.256169868821156221e-04
3.340000000000000000e+03 2.249085659492000566e-04
3.350000000000000000e+03 2.242045699299144434e-04
3.360000000000000000e+03 2.235049575813607969e-04
3.370000000000000000e+03 2.228096881664864970e-04
3.380000000000000000e+03 2.221187214564157575e-04
3.390000000000000000e+03 2.214320177098272335e-04
3.400000000000000000e+03 2.207495376787549368e-04
3.410000000000000000e+03 2.200712425863005084e-04
3.420000000000000000e+03 2.193970941362644034e-04
3.430000000000000000e+03 2.187270544938835215e-04
3.440000000000000000e+03 2.180610862808352035e-04
3.450000000000000000e+03 2.173991525740159858e-04
3.460000000000000000e+03 2.167412168930793470e-04
3.470000000000000000e+03 2.160872431908600344e-04
3.480000000000000000e+03 2.154371958583978230e-04
3.490000000000000000e+03 2.147910397086172374e-04
3.500000000000000000e+03 2.141487399717478812e-04
3.510000000000000000e+03 2.135102622949913709e-04
3.520000000000000000e+03 2.128755727207887194e-04
3.530000000000000000e+03 2.122446377054165723e-04
3.540000000000000000e+03 2.116174240912316318e-04
3.550000000000000000e+03 2.109938991093907035e-04
3.560000000000000000e+03 2.103740303797674294e-04
3.570000000000000000e+03 2.097577858912180737e-04
3.580000000000000000e+03 2.091451340104910628e-04
3.590000000000000000e+03 2.085360434710137323e-04
3.600000000000000000e+03 2.079304833628448090e-04
3.610000000000000000e+03 2.073284231352001683e-04
3.620000000000000000e+03 2.067298325900690514e-04
3.630000000000000000e+03 2.061346818702236572e-04
3.640000000000000000e+03 2.055429414602460980e-04
3.650000000000000000e+03 2.049545821888876240e-04
3.660000000000000000e+03 2.043695752061147619e-04
3.670000000000000000e+03 2.037878919931013222e-04
3.680000000000000000e+03 2.032095043546788826e-04
3.690000000000000000e+03 2.026343844091227364e-04
3.700000000000000000e+03 2.020625045926760510e-04
3.710000000000000000e+03 2.014938376409813880e-04
3.720000000000000000e+03 2.009283566074826499e-04
3.730000000000000000e+03 2.003660348346980591e-04
3.740000000000000000e+03 1.998068459672375230e-04
3.750000000000000000e+03 1.992507639410612263e-04
3.760000000000000000e+03 1.986977629739317130e-04
3.770000000000000000e+03 1.981478175791528962e-04
3.780000000000000000e+03 1.976009025380642825e-04
3.790000000000000000e+03 1.970569929144461163e-04
3.800000000000000000e+03 1.965160640430285710e-04
3.810000000000000000e+03 1.959780915324060846e-04
3.820000000000000000e+03 1.954430512471072579e-04
3.830000000000000000e+03 1.949109193163933718e-04
3.840000000000000000e+03 1.943816721351743215e-04
3.850000000000000000e+03 1.938552863379183755e-04
3.860000000000000000e+03 1.933317388265465286e-04
3.870000000000000000e+03 1.928110067416777262e-04
3.880000000000000000e+03 1.922930674662925998e-04
3.890000000000000000e+03 1.917778986302853816e-04
3.900000000000000000e+03 1.912654780960865164e-04
3.910000000000000000e+03 1.907557839701812252e-04
3.920000000000000000e+03 1.902487945797670665e-04
3.930000000000000000e+03 1.897444884862153902e-04
3.940000000000000000e+03 1.892428444789095998e-04
3.950000000000000000e+03 1.887438415641706779e-04
3.960000000000000000e+03 1.882474589734728365e-04
3.970000000000000000e+03 1.877536761488440842e-04
3.980000000000000000e+03 1.872624727516092324e-04
3.990000000000000000e+03 1.867738286540077119e-04
4.000000000000000000e+03 1.862877239372784377e-04
4.010000000000000000e+03 1.858041388855258269e-04
4.020000000000000000e+03 1.853230539879124894e-04
4.030000000000000000e+03 1.848444499342738467e-04
4.040000000000000000e+03 1.843683076120095077e-04
4.050000000000000000e+03 1.838946081053616233e-04
4.060000000000000000e+03 1.834233326903911276e-04
4.070000000000000000e+03 1.829544628341450707e-04
4.080000000000000000e+03 1.824879801920198386e-04
4.090000000000000000e+03 1.820238666052076404e-04
4.100000000000000000e+03 1.815621040968384836e-04
4.110000000000000000e+03 1.811026748748667536e-04
4.120000000000000000e+03 1.806455613200808052e-04
4.130000000000000000e+03 1.801907459983154158e-04
4.140000000000000000e+03 1.797382116438539512e-04
4.150000000000000000e+03 1.792879411620929009e-04
4.160000000000000000e+03 1.788399176326505025e-04
4.170000000000000000e+03 1.783941243014564026e-04
4.180000000000000000e+03 1.779505445812790132e-04
4.190000000000000000e+03 1.775091620465074627e-04
4.200000000000000000e+03 1.770699604347614198e-04
4.210000000000000000e+03 1.766329236443653361e-04
4.220000000000000000e+03 1.761980357330716895e-04
4.230000000000000000e+03 1.757652809076248879e-04
4.240000000000000000e+03 1.753346435363900557e-04
4.250000000000000000e+03 1.749061081385561156e-04
4.260000000000000000e+03 1.744796593800557183e-04
4.270000000000000000e+03 1.740552820791718691e-04
4.280000000000000000e+03 1.736329611998765898e-04
4.290000000000000000e+03 1.732126818469736929e-04
4.300000000000000000e+03 1.727944292758964995e-04
4.310000000000000000e+03 1.723781888792741412e-04
4.320000000000000000e+03 1.719639461894850729e-04
4.330000000000000000e+03 1.715516868809885409e-04
4.340000000000000000e+03 1.711413967576125295e-04
4.350000000000000000e+03 1.707330617631841463e-04
4.360000000000000000e+03 1.703266679758119739e-04
4.370000000000000000e+03 1.699222016008916647e-04
4.380000000000000000e+03 1.695196489783779015e-04
4.390000000000000000e+03 1.691189965724593236e-04
4.400000000000000000e+03 1.687202309838542469e-04
4.410000000000000000e+03 1.683233389239424671e-04
4.420000000000000000e+03 1.679283072373860541e-04
4.430000000000000000e+03 1.675351228973831486e-04
4.440000000000000000e+03 1.671437729862945698e-04
4.450000000000000000e+03 1.667542447128245175e-04
4.460000000000000000e+03 1.663665254024171425e-04
4.470000000000000000e+03 1.659806025002263929e-04
4.480000000000000000e+03 1.655964635682294350e-04
4.490000000000000000e+03 1.652140962746240227e-04
4.500000000000000000e+03 1.648334884073454631e-04
4.510000000000000000e+03 1.644546278670999673e-04
4.520000000000000000e+03 1.640775026638674472e-04
4.530000000000000000e+03 1.637021009134598248e-04
4.540000000000000000e+03 1.633284108439048143e-04
4.550000000000000000e+03 1.629564207916711638e-04
4.560000000000000000e+03 1.625861191915378701e-04
4.570000000000000000e+03 1.622174945911381005e-04
4.580000000000000000e+03 1.618505356335564471e-04
4.590000000000000000e+03 1.614852310716785588e-04
4.600000000000000000e+03 1.611215697550905102e-04
4.610000000000000000e+03 1.607595406339923372e-04
4.620000000000000000e+03 1.603991327554510349e-04
4.630000000000000000e+03 1.600403352683410496e-04
4.640000000000000000e+03 1.596831374104934476e-04
4.650000000000000000e+03 1.593275285276807285e-04
4.660000000000000000e+03 1.589734980486645632e-04
4.670000000000000000e+03 1.586210354984629589e-04
4.680000000000000000e+03 1.582701305011258164e-04
4.690000000000000000e+03 1.579207727611109391e-04
4.700000000000000000e+03 1.575729520819080243e-04
4.710000000000000000e+03 1.572266583525772088e-04
4.720000000000000000e+03 1.568818815523564947e-04
4.730000000000000000e+03 1.565386117428624324e-04
4.740000000000000000e+03 1.561968390814960639e-04
4.750000000000000000e+03 1.558565538027356645e-04
4.760000000000000000e+03 1.555177462281287504e-04
4.770000000000000000e+03 1.551804067642659213e-04
4.780000000000000000e+03 1.548445259019759490e-04
4.790000000000000000e+03 1.545100942098032171e-04
4.800000000000000000e+03 1.541771023387261685e-04
4.810000000000000000e+03 1.538455410211025942e-04
4.820000000000000000e+03 1.535154010684214310e-04
4.830000000000000000e+03 1.531866733701925387e-04
4.840000000000000000e+03 1.528593488933360778e-04
4.850000000000000000e+03 1.525334186818771975e-04
4.860000000000000000e+03 1.522088738535876118e-04
4.870000000000000000e+03 1.518857056081179824e-04
4.880000000000000000e+03 1.515639052110939744e-04
4.890000000000000000e+03 1.512434640058291091e-04
4.900000000000000000e+03 1.509243734079956933e-04
4.910000000000000000e+03 1.506066249079840436e-04
4.920000000000000000e+03 1.502902100634362359e-04
4.930000000000000000e+03 1.499751205046029323e-04
4.940000000000000000e+03 1.496613479287922654e-04
4.950000000000000000e+03 1.493488841063095318e-04
4.960000000000000000e+03 1.490377208770432560e-04
4.970000000000000000e+03 1.487278501428601629e-04
4.980000000000000000e+03 1.484192638748771387e-04
4.990000000000000000e+03 1.481119541119901850e-04
