1.000000000000000000e+01 2.867831265981757305e-01
2.000000000000000000e+01 1.211962423157297020e-01
3.000000000000000000e+01 7.660198736774101458e-02
4.000000000000000000e+01 5.596643205992610226e-02
5.000000000000000000e+01 4.408157355291100754e-02
6.000000000000000000e+01 3.635757640222506137e-02
7.000000000000000000e+01 3.093571272170592135e-02
8.000000000000000000e+01 2.692055667784368223e-02
9.000000000000000000e+01 2.382765075552678580e-02
1.000000000000000000e+02 2.137204319013280562e-02
1.100000000000000000e+02 1.937519175994947829e-02
1.200000000000000000e+02 1.771954114726081997e-02
1.300000000000000000e+02 1.632453473802905619e-02
1.400000000000000000e+02 1.513312197037003370e-02
1.500000000000000000e+02 1.410376835423002295e-02
1.600000000000000000e+02 1.320551683737555826e-02
1.700000000000000000e+02 1.241482245229813541e-02
1.800000000000000000e+02 1.171345939602760899e-02
1.900000000000000000e+02 1.108709932314874691e-02
2.000000000000000000e+02 1.052432246831347395e-02
2.100000000000000000e+02 1.001591529539325176e-02
2.200000000000000000e+02 9.554362281812917024e-03
2.300000000000000000e+02 9.133471993753583540e-03
2.400000000000000000e+02 8.748097800961474046e-03
2.500000000000000000e+02 8.393926417957331410e-03
2.600000000000000000e+02 8.067315802400276681e-03
2.700000000000000000e+02 7.765169473613497964e-03
2.800000000000000000e+02 7.484838049656078462e-03
2.900000000000000000e+02 7.224041365586325592e-03
3.000000000000000000e+02 6.980806323044319583e-03
3.100000000000000000e+02 6.753416884810709009e-03
3.200000000000000000e+02 6.540373532902321596e-03
3.300000000000000000e+02 6.340360164678648935e-03
3.400000000000000000e+02 6.152216882163608069e-03
3.500000000000000000e+02 5.974917485920522298e-03
3.600000000000000000e+02 5.807550751104034736e-03
3.700000000000000000e+02 5.649304764385215671e-03
3.800000000000000000e+02 5.499453753469774053e-03
3.900000000000000000e+02 5.357346958401898451e-03
4.000000000000000000e+02 5.222399184657999793e-03
4.100000000000000000e+02 5.094082748824974027e-03
4.200000000000000000e+02 4.971920583098532465e-03
4.300000000000000000e+02 4.855480308640330867e-03
4.400000000000000000e+02 4.744369122629876756e-03
4.500000000000000000e+02 4.638229371582563987e-03
4.600000000000000000e+02 4.536734705812561774e-03
4.700000000000000000e+02 4.439586727957467449e-03
4.800000000000000000e+02 4.346512063056778841e-03
4.900000000000000000e+02 4.257259789578332621e-03
5.000000000000000000e+02 4.171599180588903000e-03
5.100000000000000000e+02 4.089317712217238610e-03
5.200000000000000000e+02 4.010219303245521338e-03
5.300000000000000000e+02 3.934122755120089687e-03
5.400000000000000000e+02 3.860860366243251685e-03
5.500000000000000000e+02 3.790276698289712920e-03
5.600000000000000000e+02 3.722227475374817462e-03
5.700000000000000000e+02 3.656578599735588186e-03
5.800000000000000000e+02 3.593205269755067599e-03
5.900000000000000000e+02 3.531991188139682603e-03
6.000000000000000000e+02 3.472827849673676415e-03
6.100000000000000000e+02 3.415613899363956207e-03
6.200000000000000000e+02 3.360254553032376856e-03
6.300000000000000000e+02 3.306661073311262244e-03
6.400000000000000000e+02 3.254750295031499929e-03
6.500000000000000000e+02 3.204444194596312023e-03
6.600000000000000000e+02 3.155669498699525954e-03
6.700000000000000000e+02 3.108357328233030126e-03
6.800000000000000000e+02 3.062442873753429273e-03
6.900000000000000000e+02 3.017865099289973596e-03
7.000000000000000000e+02 2.974566471661999056e-03
7.100000000000000000e+02 2.932492712742956753e-03
7.200000000000000000e+02 2.891592572479811940e-03
7.300000000000000000e+02 2.851817620637464579e-03
7.400000000000000000e+02 2.813122055487032869e-03
7.500000000000000000e+02 2.775462527882327501e-03
7.600000000000000000e+02 2.738797979243534630e-03
7.700000000000000000e+02 2.703089492267107818e-03
7.800000000000000000e+02 2.668300153110231276e-03
7.900000000000000000e+02 2.634394924120986303e-03
8.000000000000000000e+02 2.601340526126288966e-03
8.100000000000000000e+02 2.569105329485732447e-03
8.200000000000000000e+02 2.537659253141921756e-03
8.300000000000000000e+02 2.506973670986345493e-03
8.400000000000000000e+02 2.477021324953865289e-03
8.500000000000000000e+02 2.447776244257959810e-03
8.600000000000000000e+02 2.419213670290326634e-03
8.700000000000000000e+02 2.391309986715772773e-03
8.800000000000000000e+02 2.364042654341563798e-03
8.900000000000000000e+02 2.337390150407653300e-03
9.000000000000000000e+02 2.311331911922148707e-03
9.100000000000000000e+02 2.285848282756075545e-03
9.200000000000000000e+02 2.260920464192905932e-03
9.300000000000000000e+02 2.236530468690572926e-03
9.400000000000000000e+02 2.212661076580635378e-03
9.500000000000000000e+02 2.189295795539725198e-03
9.600000000000000000e+02 2.166418822581173131e-03
9.700000000000000000e+02 2.144015008412492040e-03
9.800000000000000000e+02 2.122069823982636327e-03
9.900000000000000000e+02 2.100569329063411983e-03
1.000000000000000000e+03 2.079500142707885191e-03
1.010000000000000000e+03 2.058849415500219049e-03
1.020000000000000000e+03 2.038604803405008603e-03
1.030000000000000000e+03 2.018754443176867808e-03
1.040000000000000000e+03 1.999286929163790472e-03
1.050000000000000000e+03 1.980191291470034809e-03
1.060000000000000000e+03 1.961456975332454000e-03
1.070000000000000000e+03 1.943073821669416557e-03
1.080000000000000000e+03 1.925032048712665977e-03
1.090000000000000000e+03 1.907322234649816428e-03
1.100000000000000000e+03 1.889935301222389619e-03
1.110000000000000000e+03 1.872862498201982584e-03
1.120000000000000000e+03 1.856095388713618899e-03
1.130000000000000000e+03 1.839625835322461489e-03
1.140000000000000000e+03 1.823445986879279612e-03
1.150000000000000000e+03 1.807548266033437434e-03
1.160000000000000000e+03 1.791925357401691343e-03
1.170000000000000000e+03 1.776570196337645680e-03
1.180000000000000000e+03 1.761475958294705935e-03
1.190000000000000000e+03 1.746636048699290455e-03
1.200000000000000000e+03 1.732044093351814418e-03
1.210000000000000000e+03 1.717693929294911159e-03
1.220000000000000000e+03 1.703579596133875107e-03
1.230000000000000000e+03 1.689695327782375633e-03
1.240000000000000000e+03 1.676035544613735384e-03
1.250000000000000000e+03 1.662594845972004132e-03
1.260000000000000000e+03 1.649368003067891442e-03
1.270000000000000000e+03 1.636349952187421408e-03
1.280000000000000000e+03 1.623535788232044474e-03
1.290000000000000000e+03 1.610920758546768861e-03
1.300000000000000000e+03 1.598500257068230512e-03
1.310000000000000000e+03 1.586269818677515930e-03
1.320000000000000000e+03 1.574225113891741801e-03
1.330000000000000000e+03 1.562361943724860369e-03
1.340000000000000000e+03 1.550676234811892984e-03
1.350000000000000000e+03 1.539164034756096422e-03
1.360000000000000000e+03 1.527821507663729150e-03
1.370000000000000000e+03 1.516644929882265957e-03
1.380000000000000000e+03 1.505630685929987278e-03
1.390000000000000000e+03 1.494775264594627728e-03
1.400000000000000000e+03 1.484075255191508180e-03
1.410000000000000000e+03 1.473527344013791929e-03
1.420000000000000000e+03 1.463128310885880579e-03
1.430000000000000000e+03 1.452875025899580397e-03
1.440000000000000000e+03 1.442764446273420154e-03
1.450000000000000000e+03 1.432793613340976879e-03
1.460000000000000000e+03 1.422959649653693370e-03
1.470000000000000000e+03 1.413259756229467978e-03
1.480000000000000000e+03 1.403691209883956015e-03
1.490000000000000000e+03 1.394251360696180386e-03
1.500000000000000000e+03 1.384937629533206094e-03
1.510000000000000000e+03 1.375747505741570231e-03
1.520000000000000000e+03 1.366678544850480348e-03
1.530000000000000000e+03 1.357728366436689038e-03
1.540000000000000000e+03 1.348894652015930617e-03
1.550000000000000000e+03 1.340175143061533847e-03
1.560000000000000000e+03 1.331567639062197772e-03
1.570000000000000000e+03 1.323069995688624934e-03
1.580000000000000000e+03 1.314680122983719057e-03
1.590000000000000000e+03 1.306395983690311624e-03
1.600000000000000000e+03 1.298215591560486493e-03
1.610000000000000000e+03 1.290137009797936996e-03
1.620000000000000000e+03 1.282158349510204021e-03
1.630000000000000000e+03 1.274277768247761289e-03
1.640000000000000000e+03 1.266493468579016346e-03
1.650000000000000000e+03 1.258803696732507804e-03
1.660000000000000000e+03 1.251206741260779687e-03
1.670000000000000000e+03 1.243700931794489151e-03
1.680000000000000000e+03 1.236284637803758413e-03
1.690000000000000000e+03 1.228956267419228920e-03
1.700000000000000000e+03 1.221714266290585549e-03
1.710000000000000000e+03 1.214557116497455569e-03
1.720000000000000000e+03 1.207483335469772268e-03
1.730000000000000000e+03 1.200491474989323626e-03
1.740000000000000000e+03 1.193580120187942573e-03
1.750000000000000000e+03 1.186747888581890509e-03
1.760000000000000000e+03 1.179993429171216635e-03
1.770000000000000000e+03 1.173315421529763647e-03
1.780000000000000000e+03 1.166712574964451354e-03
1.790000000000000000e+03 1.160183627668537332e-03
1.800000000000000000e+03 1.153727345920396719e-03
1.810000000000000000e+03 1.147342523315636464e-03
1.820000000000000000e+03 1.141027979995878905e-03
1.830000000000000000e+03 1.134782561943686874e-03
1.840000000000000000e+03 1.128605140271909946e-03
1.850000000000000000e+03 1.122494610532764892e-03
1.860000000000000000e+03 1.116449892078846817e-03
1.870000000000000000e+03 1.110469927407264912e-03
1.880000000000000000e+03 1.104553681550934918e-03
1.890000000000000000e+03 1.098700141491215643e-03
1.900000000000000000e+03 1.092908315554919074e-03
1.910000000000000000e+03 1.087177232888980605e-03
1.920000000000000000e+03 1.081505942881172411e-03
1.930000000000000000e+03 1.075893514664361117e-03
1.940000000000000000e+03 1.070339036582101944e-03
1.950000000000000000e+03 1.064841615716544121e-03
1.960000000000000000e+03 1.059400377400099291e-03
1.970000000000000000e+03 1.054014464746871882e-03
1.980000000000000000e+03 1.048683038213954477e-03
1.990000000000000000e+03 1.043405275155812051e-03
2.000000000000000000e+03 1.038180369403146619e-03
2.010000000000000000e+03 1.033007530862606327e-03
2.020000000000000000e+03 1.027885985098841992e-03
2.030000000000000000e+03 1.022814972964525282e-03
2.040000000000000000e+03 1.017793750216322568e-03
2.050000000000000000e+03 1.012821587160456227e-03
2.060000000000000000e+03 1.007897768286608597e-03
2.070000000000000000e+03 1.003021591931024803e-03
2.080000000000000000e+03 9.981923699519945625e-04
2.090000000000000000e+03 9.934094273818250276e-04
2.100000000000000000e+03 9.886721021375444174e-04
2.110000000000000000e+03 9.839797447077636150e-04
2.120000000000000000e+03 9.793317178428961878e-04
2.130000000000000000e+03 9.747273962950053772e-04
2.140000000000000000e+03 9.701661664966998444e-04
2.150000000000000000e+03 9.656474263335101949e-04
2.160000000000000000e+03 9.611705848366625116e-04
2.170000000000000000e+03 9.567350619654191313e-04
2.180000000000000000e+03 9.523402883209186598e-04
2.190000000000000000e+03 9.479857049339845965e-04
2.200000000000000000e+03 9.436707629943141828e-04
2.210000000000000000e+03 9.393949236549681281e-04
2.220000000000000000e+03 9.351576577813214275e-04
2.230000000000000000e+03 9.309584457397879209e-04
2.240000000000000000e+03 9.267967772053353759e-04
2.250000000000000000e+03 9.226721509203450466e-04
2.260000000000000000e+03 9.185840745147832997e-04
2.270000000000000000e+03 9.145320643110799175e-04
2.280000000000000000e+03 9.105156451242046867e-04
2.290000000000000000e+03 9.065343500855027603e-04
2.300000000000000000e+03 9.025877204485999172e-04
2.310000000000000000e+03 8.986753054293084020e-04
2.320000000000000000e+03 8.947966620166114549e-04
2.330000000000000000e+03 8.909513548202296906e-04
2.340000000000000000e+03 8.871389559038656003e-04
2.350000000000000000e+03 8.833590446264971696e-04
2.360000000000000000e+03 8.796112074755668697e-04
2.370000000000000000e+03 8.758950379298413580e-04
2.380000000000000000e+03 8.722101363200507329e-04
2.390000000000000000e+03 8.685561096597738118e-04
2.400000000000000000e+03 8.649325715297251360e-04
2.410000000000000000e+03 8.613391419237670377e-04
2.420000000000000000e+03 8.577754471388865376e-04
2.430000000000000000e+03 8.542411196192645217e-04
2.440000000000000000e+03 8.507357978424223699e-04
2.450000000000000000e+03 8.472591262021211822e-04
2.460000000000000000e+03 8.438107548738582597e-04
2.470000000000000000e+03 8.403903397123935193e-04
2.480000000000000000e+03 8.369975421241571123e-04
2.490000000000000000e+03 8.336320289677456863e-04
2.500000000000000000e+03 8.302934724303545622e-04
2.510000000000000000e+03 8.269815499382382473e-04
2.520000000000000000e+03 8.236959440368618601e-04
2.530000000000000000e+03 8.204363422991689525e-04
2.540000000000000000e+03 8.172024372267161496e-04
2.550000000000000000e+03 8.139939261422035610e-04
2.560000000000000000e+03 8.108105111199748194e-04
2.570000000000000000e+03 8.076518988545389188e-04
2.580000000000000000e+03 8.045178006147457594e-04
2.590000000000000000e+03 8.014079321085054719e-04
2.600000000000000000e+03 7.983220134531454626e-04
2.610000000000000000e+03 7.952597690386309370e-04
2.620000000000000000e+03 7.922209274686953240e-04
2.630000000000000000e+03 7.892052214912292918e-04
2.640000000000000000e+03 7.862123879009141891e-04
2.650000000000000000e+03 7.832421674676681711e-04
2.660000000000000000e+03 7.802943048659249925e-04
2.670000000000000000e+03 7.773685485989167976e-04
2.680000000000000000e+03 7.744646509345864960e-04
2.690000000000000000e+03 7.715823678157429644e-04
2.700000000000000000e+03 7.687214588233959311e-04
2.710000000000000000e+03 7.658816870661222520e-04
2.720000000000000000e+03 7.630628191634125645e-04
2.730000000000000000e+03 7.602646251462785720e-04
2.740000000000000000e+03 7.574868784094024310e-04
2.750000000000000000e+03 7.547293556448841922e-04
2.760000000000000000e+03 7.519918367863698272e-04
2.770000000000000000e+03 7.492741049547890775e-04
2.780000000000000000e+03 7.465759463788912420e-04
2.790000000000000000e+03 7.438971503749558511e-04
2.800000000000000000e+03 7.412375092609724270e-04
2.810000000000000000e+03 7.385968183143687416e-04
2.820000000000000000e+03 7.359748757227724258e-04
2.830000000000000000e+03 7.333714825304149532e-04
2.840000000000000000e+03 7.307864425829257993e-04
2.850000000000000000e+03 7.282195624839227222e-04
2.860000000000000000e+03 7.256706515476329944e-04
2.870000000000000000e+03 7.231395217336400449e-04
2.880000000000000000e+03 7.206259876434972789e-04
2.890000000000000000e+03 7.181298664220292505e-04
2.900000000000000000e+03 7.156509777521413707e-04
2.910000000000000000e+03 7.131891437933135514e-04
2.920000000000000000e+03 7.107441891467947137e-04
2.930000000000000000e+03 7.083159408035610838e-04
2.940000000000000000e+03 7.059042281267469132e-04
2.950000000000000000e+03 7.035088827748170459e-04
2.960000000000000000e+03 7.011297386935455567e-04
2.970000000000000000e+03 6.987666320741880988e-04
2.980000000000000000e+03 6.964194012981372861e-04
2.990000000000000000e+03 6.940878869165501008e-04
3.000000000000000000e+03 6.917719316030801480e-04
3.010000000000000000e+03 6.894713801333662850e-04
3.020000000000000000e+03 6.871860793382089660e-04
3.030000000000000000e+03 6.849158780638520128e-04
3.040000000000000000e+03 6.826606271591595387e-04
3.050000000000000000e+03 6.804201794240183343e-04
3.060000000000000000e+03 6.781943895800002231e-04
3.070000000000000000e+03 6.759831142622851896e-04
3.080000000000000000e+03 6.737862119479409717e-04
3.090000000000000000e+03 6.716035429581712624e-04
3.100000000000000000e+03 6.694349694197909706e-04
3.110000000000000000e+03 6.672803552296158180e-04
3.120000000000000000e+03 6.651395660313141889e-04
3.130000000000000000e+03 6.630124691973382500e-04
3.140000000000000000e+03 6.608989337738291336e-04
3.150000000000000000e+03 6.587988304851966070e-04
3.160000000000000000e+03 6.567120316890162623e-04
3.170000000000000000e+03 6.546384113507164315e-04
3.180000000000000000e+03 6.525778450350572246e-04
3.190000000000000000e+03 6.505302098588905402e-04
3.200000000000000000e+03 6.484953844740071194e-04
3.210000000000000000e+03 6.464732490559510492e-04
3.220000000000000000e+03 6.444636852574736618e-04
3.230000000000000000e+03 6.424665762130576940e-04
3.240000000000000000e+03 6.404818064857653592e-04
3.250000000000000000e+03 6.385092620743715308e-04
3.260000000000000000e+03 6.365488303689548211e-04
3.270000000000000000e+03 6.346004001394345284e-04
3.280000000000000000e+03 6.326638615211932493e-04
3.290000000000000000e+03 6.307391059755251828e-04
3.300000000000000000e+03 6.288260262883871299e-04
3.310000000000000000e+03 6.269245165392844932e-04
3.320000000000000000e+03 6.250344720836464862e-04
3.330000000000000000e+03 6.231557895335082531e-04
3.340000000000000000e+03 6.212883667572888235e-04
3.350000000000000000e+03 6.194321028152038888e-04
3.360000000000000000e+03 6.175868979884369114e-04
3.370000000000000000e+03 6.157526537471924577e-04
3.380000000000000000e+03 6.139292727151968165e-04
3.390000000000000000e+03 6.121166586748605365e-04
3.400000000000000000e+03 6.103147165349431802e-04
3.410000000000000000e+03 6.085233523297206570e-04
3.420000000000000000e+03 6.067424731883430677e-04
3.430000000000000000e+03 6.049719873172376694e-04
3.440000000000000000e+03 6.032118040059653019e-04
3.450000000000000000e+03 6.014618335858645803e-04
3.460000000000000000e+03 5.997219874253612026e-04
3.470000000000000000e+03 5.979921779236674340e-04
3.480000000000000000e+03 5.962723184807228183e-04
3.490000000000000000e+03 5.945623234888952613e-04
3.500000000000000000e+03 5.928621083259588698e-04
3.510000000000000000e+03 5.911715893348046258e-04
3.520000000000000000e+03 5.894906838034008612e-04
3.530000000000000000e+03 5.878193099574657854e-04
3.540000000000000000e+03 5.861573869535841030e-04
3.550000000000000000e+03 5.845048348625259127e-04
3.560000000000000000e+03 5.828615746436283107e-04
3.570000000000000000e+03 5.812275281534828864e-04
3.580000000000000000e+03 5.796026181081326278e-04
3.590000000000000000e+03 5.779867681021677583e-04
3.600000000000000000e+03 5.763799025660376607e-04
3.610000000000000000e+03 5.747819467788184422e-04
3.620000000000000000e+03 5.731928268409014482e-04
3.630000000000000000e+03 5.716124696624191870e-04
3.640000000000000000e+03 5.700408029709613800e-04
3.650000000000000000e+03 5.684777552715514215e-04
3.660000000000000000e+03 5.669232558630499241e-04
3.670000000000000000e+03 5.653772348103158762e-04
3.680000000000000000e+03 5.638396229407649507e-04
3.690000000000000000e+03 5.623103518276328927e-04
3.700000000000000000e+03 5.607893537898089864e-04
3.710000000000000000e+03 5.592765618743500422e-04
3.720000000000000000e+03 5.577719098490974137e-04
3.730000000000000000e+03 5.562753321932401018e-04
3.740000000000000000e+03 5.547867640876835704e-04
3.750000000000000000e+03 5.533061414051132498e-04
3.760000000000000000e+03 5.518334006963665495e-04
3.770000000000000000e+03 5.503684791932084153e-04
3.780000000000000000e+03 5.489113147880420041e-04
3.790000000000000000e+03 5.474618460298286138e-04
3.800000000000000000e+03 5.460200121131519868e-04
3.810000000000000000e+03 5.445857528756370414e-04
3.820000000000000000e+03 5.431590087881243978e-04
3.830000000000000000e+03 5.417397209327157181e-04
3.840000000000000000e+03 5.403278310126824469e-04
3.850000000000000000e+03 5.389232813311772841e-04
3.860000000000000000e+03 5.375260148126059789e-04
3.870000000000000000e+03 5.361359749346539250e-04
3.880000000000000000e+03 5.347531057849908009e-04
3.890000000000000000e+03 5.333773520229956322e-04
3.900000000000000000e+03 5.320086588708472508e-04
3.910000000000000000e+03 5.306469721131912287e-04
3.920000000000000000e+03 5.292922380843445573e-04
3.930000000000000000e+03 5.279444036765668091e-04
3.940000000000000000e+03 5.266034163042276894e-04
3.950000000000000000e+03 5.252692239349210368e-04
3.960000000000000000e+03 5.239417750484143266e-04
3.970000000000000000e+03 5.226210186462521001e-04
3.980000000000000000e+03 5.213069042432905142e-04
3.990000000000000000e+03 5.199993818667536516e-04
4.000000000000000000e+03 5.186984020371931958e-04
4.010000000000000000e+03 5.174039157689880319e-04
4.020000000000000000e+03 5.161158745659033542e-04
4.030000000000000000e+03 5.148342304171771300e-04
4.040000000000000000e+03 5.135589357787295750e-04
4.050000000000000000e+03 5.122899435917871447e-04
4.060000000000000000e+03 5.110272072444133062e-04
4.070000000000000000e+03 5.097706805902990634e-04
4.080000000000000000e+03 5.085203179447383981e-04
4.090000000000000000e+03 5.072760740494897114e-04
4.100000000000000000e+03 5.060379041035012460e-04
4.110000000000000000e+03 5.048057637443426060e-04
4.120000000000000000e+03 5.035796090335498132e-04
4.130000000000000000e+03 5.023593964547379276e-04
4.140000000000000000e+03 5.011450829243979666e-04
4.150000000000000000e+03 4.999366257645299072e-04
4.160000000000000000e+03 4.987339827097203582e-04
4.170000000000000000e+03 4.975371119015914445e-04
4.180000000000000000e+03 4.963459718863860726e-04
4.190000000000000000e+03 4.951605216008403421e-04
4.200000000000000000e+03 4.939807203737933694e-04
4.210000000000000000e+03 4.928065279223292627e-04
4.220000000000000000e+03 4.916379043430063600e-04
4.230000000000000000e+03 4.904748101147715644e-04
4.240000000000000000e+03 4.893172060884132257e-04
4.250000000000000000e+03 4.881650534812875808e-04
4.260000000000000000e+03 4.870183138717121274e-04
4.270000000000000000e+03 4.858769492073478080e-04
4.280000000000000000e+03 4.847409217843268170e-04
4.290000000000000000e+03 4.836101942514992036e-04
4.300000000000000000e+03 4.824847296083512038e-04
4.310000000000000000e+03 4.813644911999537257e-04
4.320000000000000000e+03 4.802494427042225400e-04
4.330000000000000000e+03 4.791395481381355292e-04
4.340000000000000000e+03 4.780347718527089285e-04
4.350000000000000000e+03 4.769350785198689380e-04
4.360000000000000000e+03 4.758404331517973596e-04
4.370000000000000000e+03 4.747508010583822990e-04
4.380000000000000000e+03 4.736661478854098384e-04
4.390000000000000000e+03 4.725864395809797891e-04
4.400000000000000000e+03 4.715116424093557246e-04
4.410000000000000000e+03 4.704417229385859933e-04
4.420000000000000000e+03 4.693766480371452943e-04
4.430000000000000000e+03 4.683163848766269677e-04
4.440000000000000000e+03 4.672609009312711503e-04
4.450000000000000000e+03 4.662101639463511749e-04
4.460000000000000000e+03 4.651641419730068172e-04
4.470000000000000000e+03 4.641228033530619967e-04
4.480000000000000000e+03 4.630861166981525834e-04
4.490000000000000000e+03 4.620540509059356538e-04
4.500000000000000000e+03 4.610265751467668149e-04
4.510000000000000000e+03 4.600036588783551483e-04
4.520000000000000000e+03 4.589852718067388704e-04
4.530000000000000000e+03 4.579713839207855131e-04
4.540000000000000000e+03 4.569619654727075098e-04
4.550000000000000000e+03 4.559569869717061685e-04
4.560000000000000000e+03 4.549564191922983447e-04
4.570000000000000000e+03 4.539602331528058698e-04
4.580000000000000000e+03 4.529684001427780604e-04
4.590000000000000000e+03 4.519808916870760029e-04
4.600000000000000000e+03 4.509976795580294961e-04
4.610000000000000000e+03 4.500187357941443089e-04
4.620000000000000000e+03 4.490440326457567632e-04
4.630000000000000000e+03 4.480735426251047926e-04
4.640000000000000000e+03 4.471072384752139417e-04
4.650000000000000000e+03 4.461450931643462514e-04
4.660000000000000000e+03 4.451870799113410992e-04
4.670000000000000000e+03 4.442331721509762410e-04
4.680000000000000000e+03 4.432833435543959144e-04
4.690000000000000000e+03 4.423375679944718808e-04
4.700000000000000000e+03 4.413958196068379358e-04
4.710000000000000000e+03 4.404580727050966260e-04
4.720000000000000000e+03 4.395243018585626160e-04
4.730000000000000000e+03 4.385944818188214356e-04
4.740000000000000000e+03 4.376685875713548501e-04
4.750000000000000000e+03 4.367465942959058989e-04
4.760000000000000000e+03 4.358284774093335034e-04
4.770000000000000000e+03 4.349142124981664193e-04
4.780000000000000000e+03 4.340037753818026811e-04
4.790000000000000000e+03 4.330971420689888607e-04
4.800000000000000000e+03 4.321942887695606750e-04
4.810000000000000000e+03 4.312951918996332790e-04
4.820000000000000000e+03 4.303998280506260432e-04
4.830000000000000000e+03 4.295081740373074553e-04
4.840000000000000000e+03 4.286202068374267427e-04
4.850000000000000000e+03 4.277359036368166834e-04
4.860000000000000000e+03 4.268552418044968544e-04
4.870000000000000000e+03 4.259781988985023027e-04
4.880000000000000000e+03 4.251047526561968493e-04
4.890000000000000000e+03 4.242348809928853104e-04
4.900000000000000000e+03 4.233685620171623309e-04
4.910000000000000000e+03 4.225057739963289372e-04
4.920000000000000000e+03 4.216464954093224193e-04
4.930000000000000000e+03 4.207907048671688521e-04
4.940000000000000000e+03 4.199383811801793431e-04
4.950000000000000000e+03 4.190895033275021664e-04
4.960000000000000000e+03 4.182440504492679345e-04
4.970000000000000000e+03 4.174020018677948585e-04
4.980000000000000000e+03 4.165633370500076982e-04
4.990000000000000000e+03 4.157280356521519948e-04
