3.141592653589793116e-01 1.580544374712999911e-05
2.617993877991494078e-01 1.099230851497878803e-05
2.243994752564137940e-01 8.083176177287043629e-06
1.963495408493620697e-01 6.192247845593357169e-06
1.745329251994329478e-01 4.894568820912326146e-06
1.570796326794896558e-01 3.965716819820386263e-06
1.427996660722633260e-01 3.278133793305215704e-06
1.308996938995747039e-01 2.754978489560855337e-06
1.208304866765304991e-01 2.347725944318312941e-06
1.121997376282068970e-01 2.024512126608257745e-06
1.047197551196597659e-01 1.763713698421653930e-06
9.817477042468103487e-02 1.550238730496644735e-06
9.239978392911156468e-02 1.373295058115786560e-06
8.726646259971647390e-02 1.224999994997588715e-06
8.267349088394192191e-02 1.099487529243603490e-06
7.853981633974482790e-02 9.923195076755320088e-07
7.479982508547126929e-02 9.000880309972814075e-07
7.139983303613166299e-02 8.201412624586623679e-07
6.829549246934332740e-02 7.503907410999488548e-07
6.544984694978735196e-02 6.891736326064545892e-07
6.283185307179586787e-02 6.351527412906676773e-07
6.041524333826524956e-02 5.872428749942315562e-07
5.817764173314431825e-02 5.445559398964405773e-07
5.609986881410344850e-02 5.063594898935264155e-07
5.416539057913436622e-02 4.720451087791843747e-07
5.235987755982988295e-02 4.411040330776216933e-07
5.067084925144827584e-02 4.131081905445199709e-07
4.908738521234051744e-02 3.876953167392116484e-07
4.759988869075443968e-02 3.645571773347455746e-07
4.619989196455578234e-02 3.434301791838123563e-07
4.487989505128275880e-02 3.240878332366747827e-07
4.363323129985823695e-02 3.063346563081381646e-07
4.245395477824044639e-02 2.900012154860576175e-07
4.133674544197096096e-02 2.749400702661830564e-07
4.027682889217683304e-02 2.610224338894795437e-07
3.926990816987241395e-02 2.481354119954204407e-07
3.831210553158284626e-02 2.361797062366832733e-07
3.739991254273563465e-02 2.250676940374063406e-07
3.653014713476503833e-02 2.147218212122936620e-07
3.569991651806583149e-02 2.050732426095436267e-07
3.490658503988659095e-02 1.960606783590890245e-07
3.414774623467166370e-02 1.876294331015770922e-07
3.342119844244460791e-02 1.797305666517701184e-07
3.272492347489367598e-02 1.723201845660327081e-07
3.205706789377339716e-02 1.653588246330883749e-07
3.141592653589793394e-02 1.588109270755921898e-07
3.079992797637052040e-02 1.526443886845640918e-07
3.020762166913262478e-02 1.468301584761633194e-07
2.963766654329993630e-02 1.413419019602457638e-07
2.908882086657215912e-02 1.361557009360581105e-07
2.855993321445266311e-02 1.312497872607565341e-07
2.804993440705172425e-02 1.266043236913816372e-07
2.755783029464730846e-02 1.222011964951974505e-07
2.708269528956718311e-02 1.180238360376506535e-07
2.662366655584570349e-02 1.140570686786190890e-07
2.617993877991494148e-02 1.102869737756861923e-07
2.575075945565404034e-02 1.067007622257420962e-07
2.533542462572413792e-02 1.032866656647257741e-07
2.493327502849042310e-02 1.000338449852478107e-07
2.454369260617025872e-02 9.693229952034698726e-08
2.416609733530609982e-02 9.397279376877065715e-08
2.379994434537721984e-02 9.114678345412130511e-08
2.344472129544621780e-02 8.844636067983913108e-08
2.309994598227789117e-02 8.586419197875727605e-08
2.276516415644777580e-02 8.339347123964557795e-08
2.243994752564137940e-02 8.102787685260182116e-08
2.212389192668868382e-02 7.876152952057680068e-08
2.181661564992911848e-02 7.658895229134543570e-08
2.151775790129995328e-02 7.450504324602036377e-08
2.122697738912022319e-02 7.250504285849501684e-08
2.094395102393195249e-02 7.058450535168958595e-08
2.066837272098548048e-02 6.873927715922434345e-08
2.039995229603761701e-02 6.696547005802244712e-08
2.013841444608841652e-02 6.525944762358903972e-08
1.988349780753033771e-02 6.361779769648023830e-08
1.963495408493620697e-02 6.203732350051893718e-08
1.939254724438143826e-02 6.051501988402208099e-08
1.915605276579142313e-02 5.904807021117619570e-08
1.892525694933610420e-02 5.763382038281861242e-08
1.869995627136781732e-02 5.626977794825904766e-08
1.847995678582231224e-02 5.495359323148818476e-08
1.826507356738251917e-02 5.368305266983952606e-08
1.805513019304478758e-02 5.245607215265124523e-08
1.784995825903291575e-02 5.127068081201002769e-08
1.764939693027973641e-02 5.012501969048344108e-08
1.745329251994329547e-02 4.901733530182639242e-08
1.726149809664721466e-02 4.794596608626022771e-08
1.707387311733583185e-02 4.690934107820510235e-08
1.689028308381609195e-02 4.590597679765551220e-08
1.671059922122230396e-02 4.493446104092413407e-08
1.653469817678838646e-02 4.399346464900588671e-08
1.636246173744683799e-02 4.308171952516204328e-08
1.619377656489584191e-02 4.219802685057061353e-08
1.602853394688669858e-02 4.134124709231912220e-08
1.586662956358481438e-02 4.051029822704776961e-08
1.570796326794896697e-02 3.970415285436956765e-08
1.555243887915739101e-02 3.892183331188903139e-08
1.539996398818526020e-02 3.816241012088994466e-08
1.525044977470773298e-02 3.742499754544326152e-08
1.510381083456631239e-02 3.670875425854092100e-08
1.495996501709425351e-02 3.601287645871309451e-08
1.481883327164996815e-02 3.533660186683107440e-08
1.468033950275604224e-02 3.467919640343097853e-08
1.454441043328607956e-02 3.403996973183609498e-08
1.441097547518253690e-02 3.341825394187480924e-08
1.427996660722633156e-02 3.281341753869071454e-08
1.415131825941348329e-02 3.222485389642315567e-08
1.402496720352586212e-02 3.165198370069788325e-08
1.390085244951235963e-02 3.109425605885007826e-08
1.377891514732365423e-02 3.055114095040778466e-08
1.365909849386866617e-02 3.002213144753795859e-08
1.354134764478359156e-02 2.950674415913567827e-08
1.342560963072561217e-02 2.900451523402125531e-08
1.331183327792285175e-02 2.851499902867260516e-08
1.319996913273022328e-02 2.803777410242958013e-08
1.308996938995747074e-02 2.757242789641622949e-08
1.298178782475121161e-02 2.711857227666314429e-08
1.287537972782702017e-02 2.667583198778800124e-08
1.277070184386094702e-02 2.624384487504016761e-08
1.266771231286206896e-02 2.582226787950503422e-08
1.256637061435917323e-02 2.541076682405218889e-08
1.246663751424521155e-02 2.500902573920882332e-08
1.236847501413304400e-02 2.461673553888488186e-08
1.227184630308512936e-02 2.423360467851409794e-08
1.217671571158834495e-02 2.385934783077914290e-08
1.208304866765304991e-02 2.349369521148503281e-08
1.199081165492287514e-02 2.313638547413177093e-08
1.189997217268860992e-02 2.278716393355750824e-08
1.181049869770598934e-02 2.244579055954432079e-08
1.172236064772310890e-02 2.211203131707861758e-08
1.163552834662886365e-02 2.178566016475258493e-08
1.154997299113894559e-02 2.146646260747786528e-08
1.146566661894085105e-02 2.115423058945964385e-08
1.138258207822388790e-02 2.084876005170599456e-08
1.130069299852443608e-02 2.054985803745523754e-08
1.121997376282068970e-02 2.025733891741765547e-08
1.114039948081486930e-02 1.997102261341865415e-08
1.106194596334434191e-02 1.969073282204192310e-08
1.098458969786640996e-02 1.941630056734311438e-08
1.090830782496455924e-02 1.914756886378654599e-08
1.083307811582687359e-02 1.888437606289983250e-08
1.075887895064997664e-02 1.862657383888688400e-08
1.068568929792446630e-02 1.837401475413003027e-08
1.061348869456011160e-02 1.812655758826053898e-08
1.054225722681138670e-02 1.788406489566796154e-08
1.047197551196597624e-02 1.764640655821381188e-08
1.040262468076090518e-02 1.741345512229486303e-08
1.033418636049274024e-02 1.718508579884314713e-08
1.026664265879017289e-02 1.696117912786121451e-08
1.019997614801880850e-02 1.674162009024371400e-08
1.013416985028965482e-02 1.652629588733134369e-08
1.006920722304420826e-02 1.631510193611518389e-08
1.000507214519042419e-02 1.610792854656040163e-08
9.941748903765168857e-03 1.590467735290701512e-08
9.879222181099978767e-03 1.570524821303820318e-08
9.817477042468103487e-03 1.550954742413068743e-08
9.756498924191904162e-03 1.531748194949500430e-08
9.696273622190719130e-03 1.512896119493234437e-08
9.636787280950286430e-03 1.494389989531441643e-08
9.578026382895711566e-03 1.476221478391437358e-08
9.519977738150888283e-03 1.458382126173773941e-08
9.462628474668052098e-03 1.440864272339581476e-08
9.405966028711954668e-03 1.423660167532148080e-08
9.349978135683908662e-03 1.406762217825985317e-08
9.294652821271577256e-03 1.390163628656182482e-08
9.239978392911156121e-03 1.373856828301711630e-08
9.185943431549102242e-03 1.357835399673490429e-08
9.132536783691259583e-03 1.342092459388766201e-08
9.079747553727725989e-03 1.326621945629824495e-08
9.027565096522393792e-03 1.311417374694201499e-08
8.975979010256551066e-03 1.296472618150801281e-08
8.924979129516457874e-03 1.281781836226514315e-08
8.874555518615235075e-03 1.267339477806217474e-08
8.824698465139868206e-03 1.253139703116801229e-08
8.775398473714505349e-03 1.239177316314510335e-08
8.726646259971647737e-03 1.225446877306524129e-08
8.678432744723185710e-03 1.211943612133836723e-08
8.630749048323607328e-03 1.198662080703627453e-08
8.583586485218014026e-03 1.185597842123797818e-08
8.536936558667915925e-03 1.172745989208578976e-08
8.490790955648089972e-03 1.160102014452490948e-08
8.445141541908045973e-03 1.147661188305448832e-08
8.399980357191959637e-03 1.135419824827010871e-08
8.355299610611151978e-03 1.123372883604645267e-08
8.311091676163473788e-03 1.111517011764817653e-08
8.267349088394193232e-03 1.099847435348522140e-08
8.224064538193175469e-03 1.088361023526829285e-08
8.181230868723418995e-03 1.077053446429943051e-08
8.138841071476148742e-03 1.065921084730803159e-08
8.096888282447920956e-03 1.054960763191559181e-08
8.055365778435366608e-03 1.044168307373638527e-08
8.014266973443349290e-03 1.033540764083795693e-08
7.973585415202519983e-03 1.023074691630654343e-08
7.933314781792407192e-03 1.012766825958522077e-08
7.893448878366314536e-03 1.002613903011706498e-08
7.853981633974483484e-03 9.926126365300547150e-09
7.814907098482072600e-03 9.827605618184520608e-09
7.776219439578695505e-03 9.730544148212061373e-09
7.737912939876337784e-03 9.634912867539924264e-09
7.699981994092630101e-03 9.540685574904728128e-09
7.662421106316568385e-03 9.447830962017178535e-09
7.625224887353866492e-03 9.356328822818227309e-09
7.588388052149258600e-03 9.266148293107789868e-09
7.551905417283156195e-03 9.177263837756299836e-09
7.515771898540174641e-03 9.089655250704709033e-09
7.479982508547126756e-03 9.003292111842142731e-09
7.444532354478183150e-03 8.918156213510997077e-09
7.409416635824984075e-03 8.834221798537100767e-09
7.374630642229561273e-03 8.751463775880097273e-09
7.340169751378021121e-03 8.669867268551456618e-09
7.306029426953007146e-03 8.589405631198587798e-09
7.272205216643039781e-03 8.510057769584022935e-09
7.238692750206896301e-03 8.431806364228577877e-09
7.205487737591268448e-03 8.354626324091896095e-09
7.172585967099984715e-03 8.278502550140842686e-09
7.139983303613165778e-03 8.203414836316369474e-09
7.107675686854735345e-03 8.129343420648638130e-09
7.075659129706741643e-03 8.056271871836884202e-09
7.043929716569042807e-03 7.984181538134293987e-09
7.012483601762931062e-03 7.913053545749448858e-09
6.981317007977318363e-03 7.842869242935535112e-09
6.950426224756179813e-03 7.773619525863750823e-09
6.919807607025976401e-03 7.705279525538344387e-09
6.889457573661827115e-03 7.637838805862884328e-09
6.859372606091251705e-03 7.571277160778322468e-09
6.829549246934333087e-03 7.505583710099017480e-09
6.799984098679205669e-03 7.440741356390390138e-09
6.770673822391795778e-03 7.376734778574700613e-09
6.741615136458783790e-03 7.313551098064863254e-09
6.712804815362806085e-03 7.251175881961557934e-09
6.684239688488921929e-03 7.189595141454674376e-09
6.655916638961425873e-03 7.128796442046336779e-09
6.627832602510112282e-03 7.068764462658805314e-09
6.599984566365111639e-03 7.009487656972623881e-09
6.572369568179483278e-03 6.950954478668336378e-09
6.544984694978735369e-03 6.893150938935832528e-09
6.517827082136500201e-03 6.836065491455656229e-09
6.490893912375605805e-03 6.779683259239277504e-09
6.464182414793812753e-03 6.724000911617622478e-09
6.437689863913510085e-03 6.668997354353223272e-09
6.411413578754679952e-03 6.614668812687796162e-09
6.385350921930473510e-03 6.561000187588206245e-09
6.359499298764763157e-03 6.507981487047231894e-09
6.333856156431034480e-03 6.455605383592910584e-09
6.308418983112034154e-03 6.403855890013687713e-09
6.283185307179586614e-03 6.352729231551279554e-09
6.258152696394010499e-03 6.302211641440180756e-09
6.233318757122605774e-03 6.252293127673169693e-09
6.208681133576665970e-03 6.202963698243024737e-09
6.184237507066521998e-03 6.154218246123832614e-09
6.159985595274104081e-03 6.106045447040742147e-09
6.135923151542564680e-03 6.058433532629692309e-09
6.112047964182476707e-03 6.011377839953979674e-09
6.088357855794172477e-03 5.964869709274012166e-09
6.064850682605778427e-03 5.918897816314938609e-09
6.041524333826524956e-03 5.873455055649401402e-09
6.018376731014929773e-03 5.828533655716228168e-09
5.995405827461437569e-03 5.784126511088061307e-09
5.972609607585157784e-03 5.740224295891493966e-09
5.949986086344304960e-03 5.696819460609958696e-09
5.927533308659986913e-03 5.653906898217542221e-09
5.905249348852994670e-03 5.611476172617813063e-09
5.883132310093245471e-03 5.569521510651043172e-09
5.861180323861554450e-03 5.528036473023689723e-09
5.839391549423407143e-03 5.487011289773136014e-09
5.817764173314431825e-03 5.446442630230308168e-09
5.796296408837256844e-03 5.406320724432589486e-09
5.774986495569472793e-03 5.366641575577091317e-09
5.753832698882404596e-03 5.327399632548690533e-09
5.732833309470425527e-03 5.288583349027931035e-09
5.711986642890532970e-03 5.250191614791788197e-09
5.691291039111943950e-03 5.212213549654620692e-09
5.670744862075438944e-03 5.174650263839453146e-09
5.650346499262218040e-03 5.137489544893014681e-09
5.630094361272030938e-03 5.100726285789392023e-09
5.609986881410344850e-03 5.064357377904116220e-09
5.590022515284329141e-03 5.028377270122064147e-09
5.570199740407434652e-03 4.992778412926668352e-09
5.550517055812355209e-03 4.957554811113595861e-09
5.530972981672170954e-03 4.922705576504426972e-09
5.511566058929461866e-03 4.888221161181149910e-09
5.492294848933204979e-03 4.854096902207061248e-09
5.473157933083263628e-03 4.820327470511642787e-09
5.454153912482279619e-03 4.786911755871869900e-09
5.435281407594797463e-03 4.753842430815780062e-09
5.416539057913436796e-03 4.721114166272855073e-09
5.397925521631947304e-03 4.688722743395601356e-09
5.379439475324988319e-03 4.656663277202710560e-09
5.361079613634459583e-03 4.624931548846689111e-09
5.342844648962233149e-03 4.593521785167808957e-09
5.324733311169140698e-03 4.562432875943045474e-09
5.306744347280055799e-03 4.531657049611226284e-09
5.288876521194937549e-03 4.501193195949326764e-09
5.271128613405693351e-03 4.471034653619199162e-09
5.253499420718717693e-03 4.441178313996374527e-09
5.235987755982988122e-03 4.411618848010334659e-09
5.218592447823577028e-03 4.382354701348845083e-09
5.201312340380452592e-03 4.353379212673758047e-09
5.184146293052463959e-03 4.324693270163493253e-09
5.167093180246370120e-03 4.296288214078458623e-09
5.150151891130808415e-03 4.268162490106419682e-09
5.133321329395086445e-03 4.240311435310673005e-09
5.116600413012692417e-03 4.212733273334379192e-09
5.099988074009404251e-03 4.185418900348736315e-09
5.083483258235911573e-03 4.158374977691892127e-09
5.067084925144827411e-03 4.131590625178205300e-09
5.050792047572015032e-03 4.105063178272416735e-09
5.034603611522104130e-03 4.078788862216242705e-09
5.018518615958135649e-03 4.052769675411127537e-09
5.002536072595212095e-03 4.026995625849849603e-09
4.986655005698083926e-03 4.001469156023063078e-09
4.970874451882584429e-03 3.976182938458805438e-09
4.955193459920809000e-03 3.951137417246286532e-09
4.939611090549989383e-03 3.926327041270383233e-09
4.924126416284942305e-03 3.901747591683601968e-09
4.908738521234051744e-03 3.877400178708967360e-09
4.893446500918680747e-03 3.853279473275961209e-09
4.878249462095952081e-03 3.829385253339978590e-09
4.863146522584818783e-03 3.805710635518266827e-09
4.848136811095359565e-03 3.782252955275566819e-09
4.833219467061220138e-03 3.759012656701088417e-09
4.818393640475143215e-03 3.735987297304177446e-09
4.803658491727512587e-03 3.713172880281945254e-09
4.789013191447855783e-03 3.690566519054527816e-09
4.774456920349229826e-03 3.668165327042061108e-09
4.759988869075444141e-03 3.645966639709286028e-09
4.745608238051046875e-03 3.623969568877782876e-09
4.731314237334026049e-03 3.602173892502946728e-09
4.717106086471160517e-03 3.580570062666765807e-09
4.702983014355977334e-03 3.559161187993709063e-09
4.688944259089243560e-03 3.537945270082332172e-09
4.674989067841954331e-03 3.516916757817512007e-09
4.661116696720761683e-03 3.496077871645297819e-09
4.647326410635788628e-03 3.475420173870702456e-09
4.633617483170785964e-03 3.454945662895170244e-09
4.619989196455578061e-03 3.434653228495676558e-09
4.606440841040752507e-03 3.414537541601703197e-09
4.592971715774551121e-03 3.394599490391669860e-09
4.579581127681913756e-03 3.374835300107292824e-09
4.566268391845629791e-03 3.355241640079498211e-09
4.553032831289554813e-03 3.335820064620520498e-09
4.539873776863862995e-03 3.316565688749051333e-09
4.526790567132266650e-03 3.297477846331275941e-09
4.513782548261196896e-03 3.278554761010354923e-09
4.500849073910878628e-03 3.259790881671165153e-09
4.487989505128275533e-03 3.241190427161200205e-09
4.475203210241870434e-03 3.222748290454546805e-09
4.462489564758228937e-03 3.204462473149760626e-09
4.449847951260329885e-03 3.186334085469866295e-09
4.437277759307617538e-03 3.168356910165925910e-09
4.424778385337736417e-03 3.150534055862408422e-09
4.412349232569934103e-03 3.132856862819721755e-09
4.399989710910074715e-03 3.115331104197593959e-09
4.387699236857252674e-03 3.097953005237741309e-09
4.375477233411967717e-03 3.080717014825040678e-09
4.363323129985823869e-03 3.063626907717775794e-09
4.351236362312733280e-03 3.046676688711613679e-09
4.339216372361592855e-03 3.029865913717344483e-09
4.327262608250404159e-03 3.013197025225622383e-09
4.315374524161803664e-03 2.996664694165929177e-09
4.303551580259990308e-03 2.980267366226030390e-09
4.291793242609007013e-03 2.964001932781457072e-09
4.280098983092361399e-03 2.947872612679702797e-09
4.268468279333957963e-03 2.931872300493409966e-09
4.256900614620315673e-03 2.916003438713232754e-09
4.245395477824044986e-03 2.900262252580887434e-09
4.233952363328562576e-03 2.884649186185583858e-09
4.222570770954022987e-03 2.869160464769038299e-09
4.211250205884441156e-03 2.853798752866509858e-09
4.199990178595979819e-03 2.838556500961431084e-09
4.188790204786390498e-03 2.823439482213530027e-09
4.177649805305575989e-03 2.808440813240054013e-09
4.166568506087258740e-03 2.793561604264027665e-09
4.155545838081736894e-03 2.778801189151636208e-09
4.144581337189700253e-03 2.764154016787756518e-09
4.133674544197096616e-03 2.749626526465931420e-09
4.122825004711014665e-03 2.735211612758803312e-09
4.112032269096587735e-03 2.720908165443347571e-09
4.101295892414873363e-03 2.706719737233242995e-09
4.090615434361709497e-03 2.692640999057971385e-09
4.079990459207523922e-03 2.678671062739113040e-09
4.069420535738074371e-03 2.664808373964433486e-09
4.058905237196114985e-03 2.651058039759845997e-09
4.048444141223960478e-03 2.637407847672079697e-09
4.038036829806932425e-03 2.623865569262306963e-09
4.027682889217683304e-03 2.610426985683034218e-09
4.017381909961372302e-03 2.597091208755841762e-09
4.007133486721674645e-03 2.583858238480729597e-09
3.996937218307624468e-03 2.570725188277833695e-09
3.986792707601259991e-03 2.557693390414783607e-09
3.976699561506067543e-03 2.544757515821061133e-09
3.966657390896203596e-03 2.531921561299554924e-09
3.956665810566490499e-03 2.519184638671845278e-09
3.946724439183157268e-03 2.506540086599784445e-09
3.936832899235329780e-03 2.493993012109285701e-09
3.926990816987241742e-03 2.481537197951411144e-09
3.917197822431163837e-03 2.469175086616814951e-09
3.907453549241036300e-03 2.456906011971682346e-09
3.897757634726790616e-03 2.444729751971408405e-09
3.888109719789347753e-03 2.432641865723894625e-09
3.878509448876287739e-03 2.420643241407560708e-09
3.868956469938168892e-03 2.408733434933196804e-09
3.859450434385495402e-03 2.396912002211593062e-09
3.849990997046315051e-03 2.385175612573675608e-09
3.840577816124441431e-03 2.373527374643913390e-09
3.831210553158284193e-03 2.361964401842442385e-09
3.821888872980283396e-03 2.350483585544793641e-09
3.812612443676933246e-03 2.339087368241621334e-09
3.803380936549386523e-03 2.327772641308456514e-09
3.794194026074629300e-03 2.316541625191348430e-09
3.785051389867220752e-03 2.305391877399642908e-09
3.775952708641578098e-03 2.294321621576500547e-09
3.766897666174811882e-03 2.283327527052847472e-09
3.757885949270087320e-03 2.272417365389856059e-09
3.748917247720516890e-03 2.261585807517008107e-09
3.739991254273563378e-03 2.250827968452995265e-09
3.731107664595953791e-03 2.240149399312940659e-09
3.722266177239091575e-03 2.229544326937116239e-09
3.713466493604956290e-03 2.219014305637756479e-09
3.704708317912492038e-03 2.208560001548676155e-09
3.695991357164462535e-03 2.198178528090011241e-09
3.687315321114780636e-03 2.187870995484786363e-09
3.678679922236291911e-03 2.177636071465371970e-09
3.670084875689010560e-03 2.167473311942558212e-09
3.661529899288803319e-03 2.157377831935036738e-09
3.653014713476503573e-03 2.147355404602535600e-09
3.644539041287463057e-03 2.137404253588215397e-09
3.636102608321519890e-03 2.127517939598533303e-09
3.627705142713386847e-03 2.117705344417686320e-09
3.619346375103448150e-03 2.107954255592403570e-09
3.611026038608957430e-03 2.098277107620560855e-09
3.602743868795634224e-03 2.088660577825862674e-09
3.594499603649649062e-03 2.079112437769481403e-09
3.586292983549992357e-03 2.069628912693133316e-09
3.578123751241222335e-03 2.060210668730633188e-09
3.569991651806582889e-03 2.050858372015795794e-09
3.561896432641488766e-03 2.041567359611917709e-09
3.553837843427367672e-03 2.032338741742023558e-09
3.545815636105861465e-03 2.023176293164397066e-09
3.537829564853370821e-03 2.014071576184051082e-09
3.529879386055947282e-03 2.005029919871503807e-09
3.521964858284521403e-03 1.996049325825310916e-09
3.514085742270462234e-03 1.987128239733237933e-09
3.506241800881465531e-03 1.978267549773704559e-09
3.498432799097765059e-03 1.969467477991315718e-09
3.490658503988659182e-03 1.960722251226343360e-09
3.482918684689349266e-03 1.952038752861540161e-09
3.475213112378089907e-03 1.943408767246523894e-09
3.467541560253634917e-03 1.934836735273393060e-09
3.459903803512988200e-03 1.926323323075962435e-09
3.452299619329443018e-03 1.917864533851343367e-09
3.444728786830913558e-03 1.909464142357819583e-09
3.437191087078548396e-03 1.901114599078823630e-09
3.429686303045625852e-03 1.892822343307898336e-09
3.422214219596724730e-03 1.884581823929920574e-09
3.414774623467166544e-03 1.876397925926198695e-09
3.407367303242725756e-03 1.868267096583053899e-09
3.399992049339602834e-03 1.860189779989696035e-09
3.392648653984657939e-03 1.852162867521656153e-09
3.385336911195897889e-03 1.844188579624983504e-09
3.378056616763218563e-03 1.836264473809023912e-09
3.370807568229391895e-03 1.828390550073777376e-09
3.363589564871298770e-03 1.820568140686873448e-09
3.356402407681403043e-03 1.812797023603707203e-09
3.349245899349459748e-03 1.805072757932180139e-09
3.342119844244460965e-03 1.797403559322674482e-09
3.335024048396808063e-03 1.789778103500339057e-09
3.327958319480712936e-03 1.782201275446482214e-09
3.320922466796821272e-03 1.774673075161103952e-09
3.313916301255056141e-03 1.767194168778019048e-09
3.306939635357677119e-03 1.759760115405129000e-09
3.299992283182555820e-03 1.752375800023742158e-09
3.293074060366659589e-03 1.745036337652550174e-09
3.286184784089741639e-03 1.737740840113133345e-09
3.279324273058239342e-03 1.730494414431404948e-09
3.272492347489367685e-03 1.723292619715266483e-09
3.265688829095419153e-03 1.716131903251039148e-09
3.258913541068250101e-03 1.709018704332265770e-09
3.252166308063967910e-03 1.701950136379082323e-09
3.245446956187802903e-03 1.694923534856229708e-09
3.238755312979168036e-03 1.687941342254362098e-09
3.232091207396906377e-03 1.681003336528874570e-09
3.225454469804715524e-03 1.674104410653853847e-09
3.218844931956755043e-03 1.667252780279682156e-09
3.212262426983428665e-03 1.660442006112816671e-09
3.205706789377339976e-03 1.653669423617998291e-09
3.199177854979422860e-03 1.646939695731930442e-09
3.192675460965236755e-03 1.640250824053168799e-09
3.186199445831433205e-03 1.633606583339997087e-09
3.179749649382381579e-03 1.626999202031242930e-09
3.173325912716962616e-03 1.620432010795980204e-09
3.166928078215517240e-03 1.613904565544999059e-09
3.160555989526954955e-03 1.607414201743040394e-09
3.154209491556017077e-03 1.600967358683647035e-09
3.147888430450694348e-03 1.594556264805646606e-09
3.141592653589793307e-03 1.588185138956532683e-09
3.135322009570651845e-03 1.581849540244206764e-09
