3.926990816987241395e-01 7.441619669120713709e-02
3.141592653589793116e-01 4.768542024124955425e-02
2.617993877991494078e-01 3.313701754577902392e-02
2.243994752564137940e-01 2.435533914911180986e-02
1.963495408493620697e-01 1.865190361630708615e-02
1.745329251994329478e-01 1.473992849996141885e-02
1.570796326794896558e-01 1.194085968688818333e-02
1.427996660722633260e-01 9.869406384246603992e-03
1.308996938995747039e-01 8.293635182066605438e-03
1.208304866765304991e-01 7.067158680465590592e-03
1.121997376282068970e-01 6.093890035708815489e-03
1.047197551196597659e-01 5.308643977911975398e-03
9.817477042468103487e-02 4.665936047700602884e-03
9.239978392911156468e-02 4.133247090513325617e-03
8.726646259971647390e-02 3.686828778816986230e-03
8.267349088394192191e-02 3.309010887791563604e-03
7.853981633974482790e-02 2.986425877776310855e-03
7.479982508547126929e-02 2.708810298143626838e-03
7.139983303613166299e-02 2.468178375077068054e-03
6.829549246934332740e-02 2.258241337121713599e-03
6.544984694978735196e-02 2.073992384650669152e-03
6.283185307179586787e-02 1.911405423708156803e-03
6.041524333826524956e-02 1.767213273195178402e-03
5.817764173314431825e-02 1.638742258731618051e-03
5.609986881410344850e-02 1.523787386163988344e-03
5.416539057913436622e-02 1.420517103487339838e-03
5.235987755982988295e-02 1.327399899089254376e-03
5.067084925144827584e-02 1.243147196452021319e-03
4.908738521234051744e-02 1.166668537844639530e-03
4.759988869075443968e-02 1.097036125040196097e-03
4.619989196455578234e-02 1.033456549204725405e-03
4.487989505128275880e-02 9.752480911799921159e-04
4.363323129985823695e-02 9.218223722071705595e-04
4.245395477824044639e-02 8.726694276601776323e-04
4.133674544197096096e-02 8.273454930129986451e-04
4.027682889217683304e-02 7.854629530812395899e-04
3.926990816987241395e-02 7.466820274908414490e-04
3.831210553158284626e-02 7.107038578750835001e-04
3.739991254273563465e-02 6.772647330950398725e-04
3.653014713476503833e-02 6.461312432979315901e-04
3.569991651806583149e-02 6.170961959215404136e-04
3.490658503988659095e-02 5.899751597404634396e-04
3.414774623467166370e-02 5.646035289457174144e-04
3.342119844244460791e-02 5.408340197283756368e-04
3.272492347489367598e-02 5.185345280356301600e-04
3.205706789377339716e-02 4.975862901712702069e-04
3.141592653589793394e-02 4.778822982705044353e-04
3.079992797637052040e-02 4.593259310774477910e-04
3.020762166913262478e-02 4.418297672290627531e-04
2.963766654329993630e-02 4.253145537624902772e-04
2.908882086657215912e-02 4.097083070673246397e-04
2.855993321445266311e-02 3.949455272036495046e-04
2.804993440705172425e-02 3.809665095315661887e-04
2.755783029464730846e-02 3.677167401188174978e-04
2.708269528956718311e-02 3.551463634805518410e-04
2.662366655584570349e-02 3.432097129167921423e-04
2.617993877991494148e-02 3.318648951797786850e-04
2.575075945565404034e-02 3.210734224079470067e-04
2.533542462572413792e-02 3.107998852682758439e-04
2.493327502849042310e-02 3.010116621269265380e-04
2.454369260617025872e-02 2.916786597735310238e-04
2.416609733530609982e-02 2.827730818524276657e-04
2.379994434537721984e-02 2.742692216592956811e-04
2.344472129544621780e-02 2.661432764272664286e-04
2.309994598227789117e-02 2.583731805836375628e-04
2.276516415644777580e-02 2.509384558009308819e-04
2.243994752564137940e-02 2.438200759273811968e-04
2.212389192668868382e-02 2.370003451528379657e-04
2.181661564992911848e-02 2.304627879174958593e-04
2.151775790129995328e-02 2.241920493186722041e-04
2.122697738912022319e-02 2.181738048672166030e-04
2.094395102393195249e-02 2.123946786110053608e-04
2.066837272098548048e-02 2.068421687493326999e-04
2.039995229603761701e-02 2.015045799654835434e-04
2.013841444608841652e-02 1.963709617891495895e-04
1.988349780753033771e-02 1.914310523938311803e-04
1.963495408493620697e-02 1.866752272692284720e-04
1.939254724438143826e-02 1.820944523109879754e-04
1.915605276579142313e-02 1.776802408863797922e-04
1.892525694933610420e-02 1.734246144970974512e-04
1.869995627136781732e-02 1.693200667047811692e-04
1.847995678582231224e-02 1.653595300072918661e-04
1.826507356738251917e-02 1.615363453932872062e-04
1.805513019304478758e-02 1.578442343350694443e-04
1.784995825903291575e-02 1.542772729963282075e-04
1.764939693027973641e-02 1.508298684558262437e-04
1.745329251994329547e-02 1.474967367687263220e-04
1.726149809664721466e-02 1.442728827099060140e-04
1.707387311733583185e-02 1.411535810464936702e-04
1.689028308381609195e-02 1.381343592128381204e-04
1.671059922122230396e-02 1.352109812717827708e-04
1.653469817678838646e-02 1.323794330474470371e-04
1.636246173744683799e-02 1.296359083371445564e-04
1.619377656489584191e-02 1.269767961176171411e-04
1.602853394688669858e-02 1.243986686516596052e-04
1.586662956358481438e-02 1.218982704418447582e-04
1.570796326794896697e-02 1.194725079445291271e-04
1.555243887915739101e-02 1.171184399981761715e-04
1.539996398818526020e-02 1.148332689044906374e-04
1.525044977470773298e-02 1.126143321115158358e-04
1.510381083456631239e-02 1.104590944547290121e-04
1.495996501709425351e-02 1.083651409132802002e-04
1.481883327164996815e-02 1.063301698405183515e-04
1.468033950275604224e-02 1.043519866392728090e-04
1.454441043328607956e-02 1.024284978390355150e-04
1.441097547518253690e-02 1.005577055548378951e-04
1.427996660722633156e-02 9.873770230250933366e-05
1.415131825941348329e-02 9.696666613012716596e-05
1.402496720352586212e-02 9.524285605655435916e-05
1.390085244951235963e-02 9.356460779219588630e-05
1.377891514732365423e-02 9.193032972043546636e-05
1.365909849386866617e-02 9.033849912354341427e-05
1.354134764478359156e-02 8.878765863218340826e-05
1.342560963072561217e-02 8.727641289141274683e-05
1.331183327792285175e-02 8.580342541830709990e-05
1.319996913273022328e-02 8.436741564743499566e-05
1.308996938995747074e-02 8.296715614641847480e-05
1.298178782475121161e-02 8.160146999314221716e-05
1.287537972782702017e-02 8.026922830106641982e-05
1.277070184386094702e-02 7.896934788487186552e-05
1.266771231286206896e-02 7.770078905933175406e-05
1.256637061435917323e-02 7.646255355853170954e-05
1.246663751424521155e-02 7.525368257543796346e-05
1.236847501413304400e-02 7.407325489716676259e-05
1.227184630308512936e-02 7.292038515727128356e-05
1.217671571158834495e-02 7.179422217173936360e-05
1.208304866765304991e-02 7.069394736736178686e-05
1.199081165492287514e-02 6.961877329425547600e-05
1.189997217268860992e-02 6.856794221632434017e-05
1.181049869770598934e-02 6.754072477721528855e-05
1.172236064772310890e-02 6.653641873222149172e-05
1.163552834662886365e-02 6.555434774924151498e-05
1.154997299113894559e-02 6.459386026902436129e-05
1.146566661894085105e-02 6.365432842514451295e-05
1.138258207822388790e-02 6.273514701682358918e-05
1.130069299852443608e-02 6.183573253437657513e-05
1.121997376282068970e-02 6.095552223350786392e-05
1.114039948081486930e-02 6.009397325357213049e-05
1.106194596334434191e-02 5.925056178024412645e-05
1.098458969786640996e-02 5.842478225281944049e-05
1.090830782496455924e-02 5.761614660015901279e-05
1.083307811582687359e-02 5.682418352548346263e-05
1.075887895064997664e-02 5.604843781492618859e-05
1.068568929792446630e-02 5.528846968649858695e-05
1.061348869456011160e-02 5.454385416414631038e-05
1.054225722681138670e-02 5.381418048600039583e-05
1.047197551196597624e-02 5.309905153527694210e-05
1.040262468076090518e-02 5.239808330137485370e-05
1.033418636049274024e-02 5.171090436362213438e-05
1.026664265879017289e-02 5.103715539989117644e-05
1.019997614801880850e-02 5.037648871630828751e-05
1.013416985028965482e-02 4.972856779783541015e-05
1.006920722304420826e-02 4.909306688105630201e-05
1.000507214519042419e-02 4.846967054406015052e-05
9.941748903765168857e-03 4.785807331475488979e-05
9.879222181099978767e-03 4.725797929649999674e-05
9.817477042468103487e-03 4.666910181105876632e-05
9.756498924191904162e-03 4.609116305465121854e-05
9.696273622190719130e-03 4.552389377132648463e-05
9.636787280950286430e-03 4.496703293943582480e-05
9.578026382895711566e-03 4.442032747076218868e-05
9.519977738150888283e-03 4.388353192275040726e-05
9.462628474668052098e-03 4.335640822472619504e-05
9.405966028711954668e-03 4.283872541033240111e-05
9.349978135683908662e-03 4.233025936706269476e-05
9.294652821271577256e-03 4.183079259556521379e-05
9.239978392911156121e-03 4.134011397205483718e-05
9.185943431549102242e-03 4.085801852893311548e-05
9.132536783691259583e-03 4.038430723873887018e-05
9.079747553727725989e-03 3.991878681075533564e-05
9.027565096522393792e-03 3.946126949161410380e-05
8.975979010256551066e-03 3.901157287811152230e-05
8.924979129516457874e-03 3.856951973246758314e-05
8.874555518615235075e-03 3.813493781068544308e-05
8.824698465139868206e-03 3.770765969335343470e-05
8.775398473714505349e-03 3.728752262355250480e-05
8.726646259971647737e-03 3.687436835408952618e-05
8.678432744723185710e-03 3.646804299561878793e-05
8.630749048323607328e-03 3.606839687630980507e-05
8.583586485218014026e-03 3.567528440195921746e-05
8.536936558667915925e-03 3.528856392365220529e-05
8.490790955648089972e-03 3.490809761075297502e-05
8.445141541908045973e-03 3.453375132722591445e-05
8.399980357191959637e-03 3.416539451484013057e-05
8.355299610611151978e-03 3.380290007748421033e-05
8.311091676163473788e-03 3.344614427325254269e-05
8.267349088394193232e-03 3.309500660697572982e-05
8.224064538193175469e-03 3.274936973118869332e-05
8.181230868723418995e-03 3.240911934443424514e-05
8.138841071476148742e-03 3.207414410000275495e-05
8.096888282447920956e-03 3.174433551311750534e-05
8.055365778435366608e-03 3.141958787322707281e-05
8.014266973443349290e-03 3.109979816051655632e-05
7.973585415202519983e-03 3.078486596175267209e-05
7.933314781792407192e-03 3.047469339501063246e-05
7.893448878366314536e-03 3.016918502884990971e-05
7.853981633974483484e-03 2.986824781392449779e-05
7.814907098482072600e-03 2.957179100904205882e-05
7.776219439578695505e-03 2.927972611277418480e-05
7.737912939876337784e-03 2.899196679884141759e-05
7.699981994092630101e-03 2.870842885238644726e-05
7.662421106316568385e-03 2.842903010558117671e-05
7.625224887353866492e-03 2.815369038189352580e-05
7.588388052149258600e-03 2.788233143524720958e-05
7.551905417283156195e-03 2.761487689761921160e-05
7.515771898540174641e-03 2.735125222197432038e-05
7.479982508547126756e-03 2.709138463341531633e-05
7.444532354478183150e-03 2.683520307611431122e-05
7.409416635824984075e-03 2.658263816690542569e-05
7.374630642229561273e-03 2.633362214776724386e-05
7.340169751378021121e-03 2.608808883830526781e-05
7.306029426953007146e-03 2.584597359667206717e-05
7.272205216643039781e-03 2.560721327138359982e-05
7.238692750206896301e-03 2.537174616379367365e-05
7.205487737591268448e-03 2.513951198568342704e-05
7.172585967099984715e-03 2.491045182462237051e-05
7.139983303613165778e-03 2.468450810244604554e-05
7.107675686854735345e-03 2.446162454061706626e-05
7.075659129706741643e-03 2.424174612536411644e-05
7.043929716569042807e-03 2.402481907437525877e-05
7.012483601762931062e-03 2.381079080193693187e-05
6.981317007977318363e-03 2.359960988962406248e-05
6.950426224756179813e-03 2.339122605343746386e-05
6.919807607025976401e-03 2.318559011471599263e-05
6.889457573661827115e-03 2.298265396971643781e-05
6.859372606091251705e-03 2.278237056385634673e-05
6.829549246934333087e-03 2.258469386418049396e-05
6.799984098679205669e-03 2.238957882982894887e-05
6.770673822391795778e-03 2.219698138983261515e-05
6.741615136458783790e-03 2.200685841691196742e-05
6.712804815362806085e-03 2.181916770216396628e-05
6.684239688488921929e-03 2.163386793485599924e-05
6.655916638961425873e-03 2.145091867578052813e-05
6.627832602510112282e-03 2.127028033815925312e-05
6.599984566365111639e-03 2.109191416432842914e-05
6.572369568179483278e-03 2.091578220642098529e-05
6.544984694978735369e-03 2.074184730571637658e-05
6.517827082136500201e-03 2.057007307176839106e-05
6.490893912375605805e-03 2.040042386486362602e-05
6.464182414793812753e-03 2.023286477803587502e-05
6.437689863913510085e-03 2.006736161663802420e-05
6.411413578754679952e-03 1.990388088302097458e-05
6.385350921930473510e-03 1.974238976032438586e-05
6.359499298764763157e-03 1.958285609227061741e-05
6.333856156431034480e-03 1.942524837117431957e-05
6.308418983112034154e-03 1.926953572084499910e-05
6.283185307179586614e-03 1.911568788037776301e-05
6.258152696394010499e-03 1.896367519127473145e-05
6.233318757122605774e-03 1.881346858212396000e-05
6.208681133576665970e-03 1.866503955416654037e-05
6.184237507066521998e-03 1.851836017041641469e-05
6.159985595274104081e-03 1.837340303789680718e-05
6.135923151542564680e-03 1.823014130097888597e-05
6.112047964182476707e-03 1.808854862161979327e-05
6.088357855794172477e-03 1.794859917469970867e-05
6.064850682605778427e-03 1.781026763092441456e-05
6.041524333826524956e-03 1.767352914683328891e-05
6.018376731014929773e-03 1.753835935458525341e-05
5.995405827461437569e-03 1.740473435152267712e-05
5.972609607585157784e-03 1.727263068596052165e-05
5.949986086344304960e-03 1.714202535274544914e-05
5.927533308659986913e-03 1.701289577704656608e-05
5.905249348852994670e-03 1.688521980902635278e-05
5.883132310093245471e-03 1.675897571318252233e-05
5.861180323861554450e-03 1.663414215835601340e-05
5.839391549423407143e-03 1.651069820818307221e-05
5.817764173314431825e-03 1.638862331421186980e-05
5.796296408837256844e-03 1.626789730702071779e-05
5.774986495569472793e-03 1.614850038600401660e-05
5.753832698882404596e-03 1.603041311337705110e-05
5.732833309470425527e-03 1.591361640507216180e-05
5.711986642890532970e-03 1.579809152385536208e-05
5.691291039111943950e-03 1.568382006955637564e-05
5.670744862075438944e-03 1.557078397618205656e-05
5.650346499262218040e-03 1.545896550037006989e-05
5.630094361272030938e-03 1.534834721694799953e-05
5.609986881410344850e-03 1.523891201071769785e-05
5.590022515284329141e-03 1.513064307023803678e-05
5.570199740407434652e-03 1.502352388271788186e-05
5.550517055812355209e-03 1.491753822580044186e-05
5.530972981672170954e-03 1.481267016245624291e-05
5.511566058929461866e-03 1.470890403454383488e-05
5.492294848933204979e-03 1.460622445792481017e-05
5.473157933083263628e-03 1.450461631469224244e-05
5.454153912482279619e-03 1.440406475028410682e-05
5.435281407594797463e-03 1.430455516593376331e-05
5.416539057913436796e-03 1.420607321445110927e-05
5.397925521631947304e-03 1.410860479444941973e-05
5.379439475324988319e-03 1.401213604568241067e-05
5.361079613634459583e-03 1.391665334415925770e-05
5.342844648962233149e-03 1.382214329725961477e-05
5.324733311169140698e-03 1.372859273862658824e-05
5.306744347280055799e-03 1.363598872439197862e-05
5.288876521194937549e-03 1.354431852762516542e-05
5.271128613405693351e-03 1.345356963589061650e-05
5.253499420718717693e-03 1.336372974303223771e-05
5.235987755982988122e-03 1.327478675072768510e-05
5.218592447823577028e-03 1.318672875938453615e-05
5.201312340380452592e-03 1.309954406636393287e-05
5.184146293052463959e-03 1.301322116198377898e-05
5.167093180246370120e-03 1.292774872618807080e-05
5.150151891130808415e-03 1.284311562321782674e-05
5.133321329395086445e-03 1.275931089939064123e-05
5.116600413012692417e-03 1.267632377910388186e-05
5.099988074009404251e-03 1.259414366128197571e-05
5.083483258235911573e-03 1.251276011648982944e-05
5.067084925144827411e-03 1.243216288249193724e-05
5.050792047572015032e-03 1.235234186269806855e-05
5.034603611522104130e-03 1.227328712194442062e-05
5.018518615958135649e-03 1.219498888227477096e-05
5.002536072595212095e-03 1.211743752294047738e-05
4.986655005698083926e-03 1.204062357373913983e-05
4.970874451882584429e-03 1.196453771634686802e-05
4.955193459920809000e-03 1.188917077787898791e-05
4.939611090549989383e-03 1.181451372911368480e-05
4.924126416284942305e-03 1.174055768227155738e-05
4.908738521234051744e-03 1.166729388923926081e-05
4.893446500918680747e-03 1.159471373712861464e-05
4.878249462095952081e-03 1.152280874650024600e-05
4.863146522584818783e-03 1.145157056914314353e-05
4.848136811095359565e-03 1.138099098563216671e-05
4.833219467061220138e-03 1.131106190266351064e-05
4.818393640475143215e-03 1.124177535105630454e-05
4.803658491727512587e-03 1.117312348308807657e-05
4.789013191447855783e-03 1.110509857027430769e-05
4.774456920349229826e-03 1.103769300181411950e-05
4.759988869075444141e-03 1.097089928192573893e-05
4.745608238051046875e-03 1.090471002807014145e-05
4.731314237334026049e-03 1.083911796828651575e-05
4.717106086471160517e-03 1.077411593963795156e-05
4.702983014355977334e-03 1.070969688665712738e-05
4.688944259089243560e-03 1.064585385934790907e-05
4.674989067841954331e-03 1.058258000963263612e-05
4.661116696720761683e-03 1.051986859201825553e-05
4.647326410635788628e-03 1.045771296093178648e-05
4.633617483170785964e-03 1.039610656761169594e-05
4.619989196455578061e-03 1.033504295944176476e-05
4.606440841040752507e-03 1.027451577972904317e-05
4.592971715774551121e-03 1.021451876326295860e-05
4.579581127681913756e-03 1.015504573631531571e-05
4.566268391845629791e-03 1.009609061486393955e-05
4.553032831289554813e-03 1.003764740281631873e-05
4.539873776863862995e-03 9.979710191565516197e-06
4.526790567132266650e-03 9.922273155327232530e-06
4.513782548261196896e-03 9.865330554026385812e-06
4.500849073910878628e-03 9.808876729300308739e-06
4.487989505128275533e-03 9.752906102056257964e-06
4.475203210241870434e-03 9.697413174691860149e-06
4.462489564758228937e-03 9.642392525543996840e-06
4.449847951260329885e-03 9.587838811331295119e-06
4.437277759307617538e-03 9.533746762713235512e-06
4.424778385337736417e-03 9.480111186066508822e-06
4.412349232569934103e-03 9.426926959044124033e-06
4.399989710910074715e-03 9.374189031907675940e-06
4.387699236857252674e-03 9.321892425084854494e-06
4.375477233411967717e-03 9.270032227615132570e-06
4.363323129985823869e-03 9.218603598259988985e-06
4.351236362312733280e-03 9.167601760839971803e-06
4.339216372361592855e-03 9.117022006455144378e-06
4.327262608250404159e-03 9.066859690154416285e-06
4.315374524161803664e-03 9.017110231379632523e-06
4.303551580259990308e-03 8.967769111745127475e-06
4.291793242609007013e-03 8.918831873927501874e-06
4.280098983092361399e-03 8.870294122775845835e-06
4.268468279333957963e-03 8.822151521981069777e-06
4.256900614620315673e-03 8.774399793853859819e-06
4.245395477824044986e-03 8.727034717770365546e-06
4.233952363328562576e-03 8.680052131060378429e-06
4.222570770954022987e-03 8.633447927008930378e-06
4.211250205884441156e-03 8.587218051969713883e-06
4.199990178595979819e-03 8.541358509139840294e-06
4.188790204786390498e-03 8.495865353230769301e-06
4.177649805305575989e-03 8.450734691578531965e-06
4.166568506087258740e-03 8.405962683255552292e-06
4.155545838081736894e-03 8.361545537516335003e-06
4.144581337189700253e-03 8.317479514685643949e-06
4.133674544197096616e-03 8.273760923049877647e-06
4.122825004711014665e-03 8.230386120411381512e-06
4.112032269096587735e-03 8.187351511423912598e-06
4.101295892414873363e-03 8.144653547592639597e-06
4.090615434361709497e-03 8.102288726830053633e-06
4.079990459207523922e-03 8.060253592789834443e-06
4.069420535738074371e-03 8.018544733090493537e-06
4.058905237196114985e-03 7.977158779759463414e-06
4.048444141223960478e-03 7.936092408122874531e-06
4.038036829806932425e-03 7.895342336583510701e-06
4.027682889217683304e-03 7.854905324622407647e-06
4.017381909961372302e-03 7.814778174353165241e-06
4.007133486721674645e-03 7.774957727413323028e-06
3.996937218307624468e-03 7.735440865852538650e-06
3.986792707601259991e-03 7.696224512798721662e-06
3.976699561506067543e-03 7.657305627351007615e-06
3.966657390896203596e-03 7.618681209908828578e-06
3.956665810566490499e-03 7.580348296620798010e-06
3.946724439183157268e-03 7.542303961605156815e-06
3.936832899235329780e-03 7.504545315617505707e-06
3.926990816987241742e-03 7.467069504940582192e-06
3.917197822431163837e-03 7.429873712272438979e-06
3.907453549241036300e-03 7.392955154505997939e-06
3.897757634726790616e-03 7.356311083395183914e-06
3.888109719789347753e-03 7.319938785110835511e-06
3.878509448876287739e-03 7.283835578020259049e-06
3.868956469938168892e-03 7.247998814685630009e-06
3.859450434385495402e-03 7.212425879421502373e-06
3.849990997046315051e-03 7.177114189627076257e-06
3.840577816124441431e-03 7.142061192233484235e-06
3.831210553158284193e-03 7.107264367922638826e-06
3.821888872980283396e-03 7.072721224909983562e-06
3.812612443676933246e-03 7.038429304939697317e-06
3.803380936549386523e-03 7.004386176623356164e-06
3.794194026074629300e-03 6.970589439436736257e-06
3.785051389867220752e-03 6.937036721499367786e-06
3.775952708641578098e-03 6.903725679352490374e-06
3.766897666174811882e-03 6.870653997514963862e-06
3.757885949270087320e-03 6.837819388039179103e-06
3.748917247720516890e-03 6.805219590289013354e-06
3.739991254273563378e-03 6.772852370717785675e-06
3.731107664595953791e-03 6.740715523090301531e-06
3.722266177239091575e-03 6.708806864486049903e-06
3.713466493604956290e-03 6.677124241516452230e-06
3.704708317912492038e-03 6.645665522997390440e-06
3.695991357164462535e-03 6.614428605278277473e-06
3.687315321114780636e-03 6.583411407135031368e-06
3.678679922236291911e-03 6.552611872434610518e-06
3.670084875689010560e-03 6.522027970579102885e-06
3.661529899288803319e-03 6.491657692730967710e-06
3.653014713476503573e-03 6.461499053811436966e-06
3.644539041287463057e-03 6.431550092278470743e-06
3.636102608321519890e-03 6.401808868350400417e-06
3.627705142713386847e-03 6.372273466226374694e-06
3.619346375103448150e-03 6.342941990089556725e-06
3.611026038608957430e-03 6.313812567215748572e-06
3.602743868795634224e-03 6.284883345974989766e-06
3.594499603649649062e-03 6.256152496497691118e-06
3.586292983549992357e-03 6.227618209120322490e-06
3.578123751241222335e-03 6.199278693941323581e-06
3.569991651806582889e-03 6.171132183041549979e-06
3.561896432641488766e-03 6.143176928263827108e-06
3.553837843427367672e-03 6.115411200324771812e-06
3.545815636105861465e-03 6.087833289258881564e-06
3.537829564853370821e-03 6.060441505750802094e-06
3.529879386055947282e-03 6.033234178026702921e-06
3.521964858284521403e-03 6.006209654296768008e-06
3.514085742270462234e-03 5.979366299868615897e-06
3.506241800881465531e-03 5.952702499811834969e-06
3.498432799097765059e-03 5.926216655405269762e-06
3.490658503988659182e-03 5.899907186801556236e-06
3.482918684689349266e-03 5.873772532138943347e-06
3.475213112378089907e-03 5.847811144654713189e-06
3.467541560253634917e-03 5.822021497792206901e-06
3.459903803512988200e-03 5.796402078539486524e-06
3.452299619329443018e-03 5.770951393646583938e-06
3.444728786830913558e-03 5.745667963630296526e-06
3.437191087078548396e-03 5.720550326104856254e-06
3.429686303045625852e-03 5.695597034449662033e-06
3.422214219596724730e-03 5.670806658697458147e-06
3.414774623467166544e-03 5.646177783757977409e-06
3.407367303242725756e-03 5.621709008973851951e-06
3.399992049339602834e-03 5.597398950785148486e-06
3.392648653984657939e-03 5.573246238510520811e-06
3.385336911195897889e-03 5.549249517899923489e-06
3.378056616763218563e-03 5.525407448470076588e-06
3.370807568229391895e-03 5.501718703504465680e-06
3.363589564871298770e-03 5.478181972051743287e-06
3.356402407681403043e-03 5.454795955595059809e-06
3.349245899349459748e-03 5.431559369828420358e-06
3.342119844244460965e-03 5.408470945544863184e-06
3.335024048396808063e-03 5.385529424417612177e-06
3.327958319480712936e-03 5.362733563663013570e-06
3.320922466796821272e-03 5.340082132931911474e-06
3.313916301255056141e-03 5.317573914309647876e-06
3.306939635357677119e-03 5.295207702760151847e-06
3.299992283182555820e-03 5.272982306792073359e-06
3.293074060366659589e-03 5.250896546460381842e-06
3.286184784089741639e-03 5.228949254698633808e-06
3.279324273058239342e-03 5.207139276208749834e-06
3.272492347489367685e-03 5.185465467905103765e-06
3.265688829095419153e-03 5.163926699136567322e-06
3.258913541068250101e-03 5.142521849688108659e-06
3.252166308063967910e-03 5.121249811779193806e-06
3.245446956187802903e-03 5.100109489175608246e-06
3.238755312979168036e-03 5.079099796301278502e-06
3.232091207396906377e-03 5.058219659570539761e-06
3.225454469804715524e-03 5.037468015611779037e-06
3.218844931956755043e-03 5.016843812821747406e-06
3.212262426983428665e-03 4.996346009145113953e-06
3.205706789377339976e-03 4.975973574294911828e-06
3.199177854979422860e-03 4.955725487532092188e-06
3.192675460965236755e-03 4.935600738997791836e-06
3.186199445831433205e-03 4.915598329491288609e-06
3.179749649382381579e-03 4.895717269137733751e-06
3.173325912716962616e-03 4.875956578054285728e-06
3.166928078215517240e-03 4.856315286794199437e-06
3.160555989526954955e-03 4.836792435236603183e-06
3.154209491556017077e-03 4.817387073474677095e-06
3.147888430450694348e-03 4.798098259373162477e-06
3.141592653589793307e-03 4.778925063009253904e-06
