3.141592653589793116e-01 1.903233126654413354e-10
2.617993877991494078e-01 1.903841528871907940e-10
2.243994752564137940e-01 1.904214563808181992e-10
1.963495408493620697e-01 1.904454371981501026e-10
1.745329251994329478e-01 1.904616464543096299e-10
1.570796326794896558e-01 1.904734148183706566e-10
1.427996660722633260e-01 1.904825186471725829e-10
1.308996938995747039e-01 1.904891799853203338e-10
1.208304866765304991e-01 1.904942870112336095e-10
1.121997376282068970e-01 1.904985058587271851e-10
1.047197551196597659e-01 1.905016144831961356e-10
9.817477042468103487e-02 1.905042790184552359e-10
9.239978392911156468e-02 1.905062774198995612e-10
8.726646259971647390e-02 1.905080537767389615e-10
8.267349088394192191e-02 1.905104962673931368e-10
7.853981633974482790e-02 1.905118285350226870e-10
7.479982508547126929e-02 1.905124946688374621e-10
7.139983303613166299e-02 1.905133828472571622e-10
6.829549246934332740e-02 1.905144930702817874e-10
6.544984694978735196e-02 1.905156032933064125e-10
6.283185307179586787e-02 1.905158253379113376e-10
6.041524333826524956e-02 1.905162694271211876e-10
5.817764173314431825e-02 1.905169355609359627e-10
5.609986881410344850e-02 1.905178237393556628e-10
5.416539057913436622e-02 1.905178237393556628e-10
5.235987755982988295e-02 1.905184898731704379e-10
5.067084925144827584e-02 1.905187119177753630e-10
4.908738521234051744e-02 1.905191560069852130e-10
4.759988869075443968e-02 1.905198221407999881e-10
4.619989196455578234e-02 1.905202662300098382e-10
4.487989505128275880e-02 1.905198221407999881e-10
4.363323129985823695e-02 1.905202662300098382e-10
4.245395477824044639e-02 1.905211544084295383e-10
4.133674544197096096e-02 1.905202662300098382e-10
4.027682889217683304e-02 1.905207103192196882e-10
3.926990816987241395e-02 1.905207103192196882e-10
3.831210553158284626e-02 1.905211544084295383e-10
3.739991254273563465e-02 1.905213764530344633e-10
3.653014713476503833e-02 1.905211544084295383e-10
3.569991651806583149e-02 1.905215984976393884e-10
3.490658503988659095e-02 1.905218205422443134e-10
3.414774623467166370e-02 1.905218205422443134e-10
3.342119844244460791e-02 1.905220425868492384e-10
3.272492347489367598e-02 1.905218205422443134e-10
3.205706789377339716e-02 1.905218205422443134e-10
3.141592653589793394e-02 1.905220425868492384e-10
3.079992797637052040e-02 1.905215984976393884e-10
3.020762166913262478e-02 1.905218205422443134e-10
2.963766654329993630e-02 1.905224866760590885e-10
2.908882086657215912e-02 1.905227087206640135e-10
2.855993321445266311e-02 1.905224866760590885e-10
2.804993440705172425e-02 1.905227087206640135e-10
2.755783029464730846e-02 1.905227087206640135e-10
2.708269528956718311e-02 1.905224866760590885e-10
2.662366655584570349e-02 1.905227087206640135e-10
2.617993877991494148e-02 1.905231528098738636e-10
2.575075945565404034e-02 1.905229307652689386e-10
2.533542462572413792e-02 1.905224866760590885e-10
2.493327502849042310e-02 1.905229307652689386e-10
2.454369260617025872e-02 1.905227087206640135e-10
2.416609733530609982e-02 1.905229307652689386e-10
2.379994434537721984e-02 1.905229307652689386e-10
2.344472129544621780e-02 1.905229307652689386e-10
2.309994598227789117e-02 1.905235968990837137e-10
2.276516415644777580e-02 1.905233748544787886e-10
2.243994752564137940e-02 1.905231528098738636e-10
2.212389192668868382e-02 1.905233748544787886e-10
2.181661564992911848e-02 1.905235968990837137e-10
2.151775790129995328e-02 1.905238189436886387e-10
2.122697738912022319e-02 1.905233748544787886e-10
2.094395102393195249e-02 1.905231528098738636e-10
2.066837272098548048e-02 1.905235968990837137e-10
2.039995229603761701e-02 1.905235968990837137e-10
2.013841444608841652e-02 1.905227087206640135e-10
1.988349780753033771e-02 1.905227087206640135e-10
1.963495408493620697e-02 1.905224866760590885e-10
1.939254724438143826e-02 1.905238189436886387e-10
1.915605276579142313e-02 1.905233748544787886e-10
1.892525694933610420e-02 1.905231528098738636e-10
1.869995627136781732e-02 1.905233748544787886e-10
1.847995678582231224e-02 1.905238189436886387e-10
1.826507356738251917e-02 1.905229307652689386e-10
1.805513019304478758e-02 1.905233748544787886e-10
1.784995825903291575e-02 1.905233748544787886e-10
1.764939693027973641e-02 1.905233748544787886e-10
1.745329251994329547e-02 1.905238189436886387e-10
1.726149809664721466e-02 1.905229307652689386e-10
1.707387311733583185e-02 1.905222646314541635e-10
1.689028308381609195e-02 1.905238189436886387e-10
1.671059922122230396e-02 1.905233748544787886e-10
1.653469817678838646e-02 1.905233748544787886e-10
1.636246173744683799e-02 1.905242630328984887e-10
1.619377656489584191e-02 1.905242630328984887e-10
1.602853394688669858e-02 1.905235968990837137e-10
1.586662956358481438e-02 1.905229307652689386e-10
1.570796326794896697e-02 1.905233748544787886e-10
1.555243887915739101e-02 1.905227087206640135e-10
1.539996398818526020e-02 1.905235968990837137e-10
1.525044977470773298e-02 1.905235968990837137e-10
1.510381083456631239e-02 1.905235968990837137e-10
1.495996501709425351e-02 1.905233748544787886e-10
1.481883327164996815e-02 1.905238189436886387e-10
1.468033950275604224e-02 1.905238189436886387e-10
1.454441043328607956e-02 1.905233748544787886e-10
1.441097547518253690e-02 1.905238189436886387e-10
1.427996660722633156e-02 1.905244850775034138e-10
1.415131825941348329e-02 1.905238189436886387e-10
1.402496720352586212e-02 1.905242630328984887e-10
1.390085244951235963e-02 1.905233748544787886e-10
1.377891514732365423e-02 1.905242630328984887e-10
1.365909849386866617e-02 1.905235968990837137e-10
1.354134764478359156e-02 1.905231528098738636e-10
1.342560963072561217e-02 1.905229307652689386e-10
1.331183327792285175e-02 1.905240409882935637e-10
1.319996913273022328e-02 1.905233748544787886e-10
1.308996938995747074e-02 1.905240409882935637e-10
1.298178782475121161e-02 1.905240409882935637e-10
1.287537972782702017e-02 1.905235968990837137e-10
1.277070184386094702e-02 1.905233748544787886e-10
1.266771231286206896e-02 1.905240409882935637e-10
1.256637061435917323e-02 1.905242630328984887e-10
1.246663751424521155e-02 1.905238189436886387e-10
1.236847501413304400e-02 1.905229307652689386e-10
1.227184630308512936e-02 1.905233748544787886e-10
1.217671571158834495e-02 1.905242630328984887e-10
1.208304866765304991e-02 1.905242630328984887e-10
1.199081165492287514e-02 1.905242630328984887e-10
1.189997217268860992e-02 1.905227087206640135e-10
1.181049869770598934e-02 1.905242630328984887e-10
1.172236064772310890e-02 1.905227087206640135e-10
1.163552834662886365e-02 1.905233748544787886e-10
1.154997299113894559e-02 1.905231528098738636e-10
1.146566661894085105e-02 1.905242630328984887e-10
1.138258207822388790e-02 1.905233748544787886e-10
1.130069299852443608e-02 1.905233748544787886e-10
1.121997376282068970e-02 1.905238189436886387e-10
1.114039948081486930e-02 1.905231528098738636e-10
1.106194596334434191e-02 1.905238189436886387e-10
1.098458969786640996e-02 1.905249291667132638e-10
1.090830782496455924e-02 1.905242630328984887e-10
1.083307811582687359e-02 1.905240409882935637e-10
1.075887895064997664e-02 1.905235968990837137e-10
1.068568929792446630e-02 1.905233748544787886e-10
1.061348869456011160e-02 1.905231528098738636e-10
1.054225722681138670e-02 1.905233748544787886e-10
1.047197551196597624e-02 1.905244850775034138e-10
1.040262468076090518e-02 1.905238189436886387e-10
1.033418636049274024e-02 1.905240409882935637e-10
1.026664265879017289e-02 1.905231528098738636e-10
1.019997614801880850e-02 1.905240409882935637e-10
1.013416985028965482e-02 1.905231528098738636e-10
1.006920722304420826e-02 1.905231528098738636e-10
1.000507214519042419e-02 1.905242630328984887e-10
9.941748903765168857e-03 1.905224866760590885e-10
9.879222181099978767e-03 1.905247071221083388e-10
9.817477042468103487e-03 1.905238189436886387e-10
9.756498924191904162e-03 1.905231528098738636e-10
9.696273622190719130e-03 1.905233748544787886e-10
9.636787280950286430e-03 1.905242630328984887e-10
9.578026382895711566e-03 1.905220425868492384e-10
9.519977738150888283e-03 1.905244850775034138e-10
9.462628474668052098e-03 1.905247071221083388e-10
9.405966028711954668e-03 1.905244850775034138e-10
9.349978135683908662e-03 1.905247071221083388e-10
9.294652821271577256e-03 1.905238189436886387e-10
9.239978392911156121e-03 1.905242630328984887e-10
9.185943431549102242e-03 1.905242630328984887e-10
9.132536783691259583e-03 1.905233748544787886e-10
9.079747553727725989e-03 1.905240409882935637e-10
9.027565096522393792e-03 1.905240409882935637e-10
8.975979010256551066e-03 1.905238189436886387e-10
8.924979129516457874e-03 1.905242630328984887e-10
8.874555518615235075e-03 1.905255953005280389e-10
8.824698465139868206e-03 1.905235968990837137e-10
8.775398473714505349e-03 1.905240409882935637e-10
8.726646259971647737e-03 1.905229307652689386e-10
8.678432744723185710e-03 1.905244850775034138e-10
8.630749048323607328e-03 1.905231528098738636e-10
8.583586485218014026e-03 1.905242630328984887e-10
8.536936558667915925e-03 1.905233748544787886e-10
8.490790955648089972e-03 1.905240409882935637e-10
8.445141541908045973e-03 1.905235968990837137e-10
8.399980357191959637e-03 1.905240409882935637e-10
8.355299610611151978e-03 1.905238189436886387e-10
8.311091676163473788e-03 1.905249291667132638e-10
8.267349088394193232e-03 1.905242630328984887e-10
8.224064538193175469e-03 1.905240409882935637e-10
8.181230868723418995e-03 1.905242630328984887e-10
8.138841071476148742e-03 1.905233748544787886e-10
8.096888282447920956e-03 1.905247071221083388e-10
8.055365778435366608e-03 1.905233748544787886e-10
8.014266973443349290e-03 1.905238189436886387e-10
7.973585415202519983e-03 1.905231528098738636e-10
7.933314781792407192e-03 1.905233748544787886e-10
7.893448878366314536e-03 1.905235968990837137e-10
7.853981633974483484e-03 1.905238189436886387e-10
7.814907098482072600e-03 1.905244850775034138e-10
7.776219439578695505e-03 1.905238189436886387e-10
7.737912939876337784e-03 1.905238189436886387e-10
7.699981994092630101e-03 1.905244850775034138e-10
7.662421106316568385e-03 1.905242630328984887e-10
7.625224887353866492e-03 1.905244850775034138e-10
7.588388052149258600e-03 1.905235968990837137e-10
7.551905417283156195e-03 1.905224866760590885e-10
7.515771898540174641e-03 1.905238189436886387e-10
7.479982508547126756e-03 1.905231528098738636e-10
7.444532354478183150e-03 1.905235968990837137e-10
7.409416635824984075e-03 1.905244850775034138e-10
7.374630642229561273e-03 1.905238189436886387e-10
7.340169751378021121e-03 1.905227087206640135e-10
7.306029426953007146e-03 1.905253732559231139e-10
7.272205216643039781e-03 1.905233748544787886e-10
7.238692750206896301e-03 1.905240409882935637e-10
7.205487737591268448e-03 1.905215984976393884e-10
7.172585967099984715e-03 1.905233748544787886e-10
7.139983303613165778e-03 1.905229307652689386e-10
7.107675686854735345e-03 1.905233748544787886e-10
7.075659129706741643e-03 1.905231528098738636e-10
7.043929716569042807e-03 1.905242630328984887e-10
7.012483601762931062e-03 1.905244850775034138e-10
6.981317007977318363e-03 1.905229307652689386e-10
6.950426224756179813e-03 1.905229307652689386e-10
6.919807607025976401e-03 1.905240409882935637e-10
6.889457573661827115e-03 1.905231528098738636e-10
6.859372606091251705e-03 1.905229307652689386e-10
6.829549246934333087e-03 1.905240409882935637e-10
6.799984098679205669e-03 1.905238189436886387e-10
6.770673822391795778e-03 1.905235968990837137e-10
6.741615136458783790e-03 1.905244850775034138e-10
6.712804815362806085e-03 1.905238189436886387e-10
6.684239688488921929e-03 1.905247071221083388e-10
6.655916638961425873e-03 1.905231528098738636e-10
6.627832602510112282e-03 1.905247071221083388e-10
6.599984566365111639e-03 1.905238189436886387e-10
6.572369568179483278e-03 1.905227087206640135e-10
6.544984694978735369e-03 1.905247071221083388e-10
6.517827082136500201e-03 1.905235968990837137e-10
6.490893912375605805e-03 1.905235968990837137e-10
6.464182414793812753e-03 1.905238189436886387e-10
6.437689863913510085e-03 1.905255953005280389e-10
6.411413578754679952e-03 1.905235968990837137e-10
6.385350921930473510e-03 1.905255953005280389e-10
6.359499298764763157e-03 1.905242630328984887e-10
6.333856156431034480e-03 1.905242630328984887e-10
6.308418983112034154e-03 1.905251512113181889e-10
6.283185307179586614e-03 1.905244850775034138e-10
6.258152696394010499e-03 1.905229307652689386e-10
6.233318757122605774e-03 1.905244850775034138e-10
6.208681133576665970e-03 1.905240409882935637e-10
6.184237507066521998e-03 1.905244850775034138e-10
6.159985595274104081e-03 1.905227087206640135e-10
6.135923151542564680e-03 1.905238189436886387e-10
6.112047964182476707e-03 1.905240409882935637e-10
6.088357855794172477e-03 1.905233748544787886e-10
6.064850682605778427e-03 1.905249291667132638e-10
6.041524333826524956e-03 1.905227087206640135e-10
6.018376731014929773e-03 1.905233748544787886e-10
5.995405827461437569e-03 1.905238189436886387e-10
5.972609607585157784e-03 1.905240409882935637e-10
5.949986086344304960e-03 1.905224866760590885e-10
5.927533308659986913e-03 1.905255953005280389e-10
5.905249348852994670e-03 1.905240409882935637e-10
5.883132310093245471e-03 1.905233748544787886e-10
5.861180323861554450e-03 1.905240409882935637e-10
5.839391549423407143e-03 1.905222646314541635e-10
5.817764173314431825e-03 1.905253732559231139e-10
5.796296408837256844e-03 1.905229307652689386e-10
5.774986495569472793e-03 1.905242630328984887e-10
5.753832698882404596e-03 1.905235968990837137e-10
5.732833309470425527e-03 1.905247071221083388e-10
5.711986642890532970e-03 1.905233748544787886e-10
5.691291039111943950e-03 1.905247071221083388e-10
5.670744862075438944e-03 1.905247071221083388e-10
5.650346499262218040e-03 1.905249291667132638e-10
5.630094361272030938e-03 1.905242630328984887e-10
5.609986881410344850e-03 1.905247071221083388e-10
5.590022515284329141e-03 1.905235968990837137e-10
5.570199740407434652e-03 1.905249291667132638e-10
5.550517055812355209e-03 1.905249291667132638e-10
5.530972981672170954e-03 1.905233748544787886e-10
5.511566058929461866e-03 1.905251512113181889e-10
5.492294848933204979e-03 1.905229307652689386e-10
5.473157933083263628e-03 1.905238189436886387e-10
5.454153912482279619e-03 1.905244850775034138e-10
5.435281407594797463e-03 1.905231528098738636e-10
5.416539057913436796e-03 1.905233748544787886e-10
5.397925521631947304e-03 1.905247071221083388e-10
5.379439475324988319e-03 1.905227087206640135e-10
5.361079613634459583e-03 1.905242630328984887e-10
5.342844648962233149e-03 1.905240409882935637e-10
5.324733311169140698e-03 1.905229307652689386e-10
5.306744347280055799e-03 1.905242630328984887e-10
5.288876521194937549e-03 1.905238189436886387e-10
5.271128613405693351e-03 1.905238189436886387e-10
5.253499420718717693e-03 1.905235968990837137e-10
5.235987755982988122e-03 1.905240409882935637e-10
5.218592447823577028e-03 1.905224866760590885e-10
5.201312340380452592e-03 1.905238189436886387e-10
5.184146293052463959e-03 1.905240409882935637e-10
5.167093180246370120e-03 1.905240409882935637e-10
5.150151891130808415e-03 1.905229307652689386e-10
5.133321329395086445e-03 1.905238189436886387e-10
5.116600413012692417e-03 1.905235968990837137e-10
5.099988074009404251e-03 1.905240409882935637e-10
5.083483258235911573e-03 1.905251512113181889e-10
5.067084925144827411e-03 1.905235968990837137e-10
5.050792047572015032e-03 1.905227087206640135e-10
5.034603611522104130e-03 1.905235968990837137e-10
5.018518615958135649e-03 1.905244850775034138e-10
5.002536072595212095e-03 1.905238189436886387e-10
4.986655005698083926e-03 1.905247071221083388e-10
4.970874451882584429e-03 1.905227087206640135e-10
4.955193459920809000e-03 1.905242630328984887e-10
4.939611090549989383e-03 1.905240409882935637e-10
4.924126416284942305e-03 1.905227087206640135e-10
4.908738521234051744e-03 1.905233748544787886e-10
4.893446500918680747e-03 1.905240409882935637e-10
4.878249462095952081e-03 1.905231528098738636e-10
4.863146522584818783e-03 1.905242630328984887e-10
4.848136811095359565e-03 1.905233748544787886e-10
4.833219467061220138e-03 1.905251512113181889e-10
4.818393640475143215e-03 1.905240409882935637e-10
4.803658491727512587e-03 1.905247071221083388e-10
4.789013191447855783e-03 1.905238189436886387e-10
4.774456920349229826e-03 1.905227087206640135e-10
4.759988869075444141e-03 1.905235968990837137e-10
4.745608238051046875e-03 1.905244850775034138e-10
4.731314237334026049e-03 1.905253732559231139e-10
4.717106086471160517e-03 1.905240409882935637e-10
4.702983014355977334e-03 1.905238189436886387e-10
4.688944259089243560e-03 1.905249291667132638e-10
4.674989067841954331e-03 1.905224866760590885e-10
4.661116696720761683e-03 1.905247071221083388e-10
4.647326410635788628e-03 1.905233748544787886e-10
4.633617483170785964e-03 1.905235968990837137e-10
4.619989196455578061e-03 1.905240409882935637e-10
4.606440841040752507e-03 1.905240409882935637e-10
4.592971715774551121e-03 1.905233748544787886e-10
4.579581127681913756e-03 1.905229307652689386e-10
4.566268391845629791e-03 1.905242630328984887e-10
4.553032831289554813e-03 1.905240409882935637e-10
4.539873776863862995e-03 1.905231528098738636e-10
4.526790567132266650e-03 1.905235968990837137e-10
4.513782548261196896e-03 1.905238189436886387e-10
4.500849073910878628e-03 1.905231528098738636e-10
4.487989505128275533e-03 1.905244850775034138e-10
4.475203210241870434e-03 1.905244850775034138e-10
4.462489564758228937e-03 1.905244850775034138e-10
4.449847951260329885e-03 1.905251512113181889e-10
4.437277759307617538e-03 1.905242630328984887e-10
4.424778385337736417e-03 1.905247071221083388e-10
4.412349232569934103e-03 1.905233748544787886e-10
4.399989710910074715e-03 1.905244850775034138e-10
4.387699236857252674e-03 1.905224866760590885e-10
4.375477233411967717e-03 1.905242630328984887e-10
4.363323129985823869e-03 1.905233748544787886e-10
4.351236362312733280e-03 1.905220425868492384e-10
4.339216372361592855e-03 1.905220425868492384e-10
4.327262608250404159e-03 1.905251512113181889e-10
4.315374524161803664e-03 1.905240409882935637e-10
4.303551580259990308e-03 1.905249291667132638e-10
4.291793242609007013e-03 1.905227087206640135e-10
4.280098983092361399e-03 1.905244850775034138e-10
4.268468279333957963e-03 1.905244850775034138e-10
4.256900614620315673e-03 1.905249291667132638e-10
4.245395477824044986e-03 1.905240409882935637e-10
4.233952363328562576e-03 1.905227087206640135e-10
4.222570770954022987e-03 1.905249291667132638e-10
4.211250205884441156e-03 1.905249291667132638e-10
4.199990178595979819e-03 1.905247071221083388e-10
4.188790204786390498e-03 1.905242630328984887e-10
4.177649805305575989e-03 1.905244850775034138e-10
4.166568506087258740e-03 1.905235968990837137e-10
4.155545838081736894e-03 1.905249291667132638e-10
4.144581337189700253e-03 1.905235968990837137e-10
4.133674544197096616e-03 1.905247071221083388e-10
4.122825004711014665e-03 1.905244850775034138e-10
4.112032269096587735e-03 1.905238189436886387e-10
4.101295892414873363e-03 1.905231528098738636e-10
4.090615434361709497e-03 1.905238189436886387e-10
4.079990459207523922e-03 1.905233748544787886e-10
4.069420535738074371e-03 1.905233748544787886e-10
4.058905237196114985e-03 1.905235968990837137e-10
4.048444141223960478e-03 1.905253732559231139e-10
4.038036829806932425e-03 1.905224866760590885e-10
4.027682889217683304e-03 1.905238189436886387e-10
4.017381909961372302e-03 1.905233748544787886e-10
4.007133486721674645e-03 1.905249291667132638e-10
3.996937218307624468e-03 1.905242630328984887e-10
3.986792707601259991e-03 1.905240409882935637e-10
3.976699561506067543e-03 1.905240409882935637e-10
3.966657390896203596e-03 1.905233748544787886e-10
3.956665810566490499e-03 1.905242630328984887e-10
3.946724439183157268e-03 1.905247071221083388e-10
3.936832899235329780e-03 1.905233748544787886e-10
3.926990816987241742e-03 1.905235968990837137e-10
3.917197822431163837e-03 1.905242630328984887e-10
3.907453549241036300e-03 1.905255953005280389e-10
3.897757634726790616e-03 1.905238189436886387e-10
3.888109719789347753e-03 1.905227087206640135e-10
3.878509448876287739e-03 1.905240409882935637e-10
3.868956469938168892e-03 1.905235968990837137e-10
3.859450434385495402e-03 1.905242630328984887e-10
3.849990997046315051e-03 1.905251512113181889e-10
3.840577816124441431e-03 1.905227087206640135e-10
3.831210553158284193e-03 1.905235968990837137e-10
3.821888872980283396e-03 1.905233748544787886e-10
3.812612443676933246e-03 1.905231528098738636e-10
3.803380936549386523e-03 1.905249291667132638e-10
3.794194026074629300e-03 1.905247071221083388e-10
3.785051389867220752e-03 1.905249291667132638e-10
3.775952708641578098e-03 1.905249291667132638e-10
3.766897666174811882e-03 1.905227087206640135e-10
3.757885949270087320e-03 1.905235968990837137e-10
3.748917247720516890e-03 1.905255953005280389e-10
3.739991254273563378e-03 1.905247071221083388e-10
3.731107664595953791e-03 1.905247071221083388e-10
3.722266177239091575e-03 1.905222646314541635e-10
3.713466493604956290e-03 1.905242630328984887e-10
3.704708317912492038e-03 1.905233748544787886e-10
3.695991357164462535e-03 1.905235968990837137e-10
3.687315321114780636e-03 1.905235968990837137e-10
3.678679922236291911e-03 1.905224866760590885e-10
3.670084875689010560e-03 1.905242630328984887e-10
3.661529899288803319e-03 1.905238189436886387e-10
3.653014713476503573e-03 1.905240409882935637e-10
3.644539041287463057e-03 1.905251512113181889e-10
3.636102608321519890e-03 1.905220425868492384e-10
3.627705142713386847e-03 1.905251512113181889e-10
3.619346375103448150e-03 1.905233748544787886e-10
3.611026038608957430e-03 1.905233748544787886e-10
3.602743868795634224e-03 1.905251512113181889e-10
3.594499603649649062e-03 1.905251512113181889e-10
3.586292983549992357e-03 1.905240409882935637e-10
3.578123751241222335e-03 1.905238189436886387e-10
3.569991651806582889e-03 1.905224866760590885e-10
3.561896432641488766e-03 1.905235968990837137e-10
3.553837843427367672e-03 1.905238189436886387e-10
3.545815636105861465e-03 1.905235968990837137e-10
3.537829564853370821e-03 1.905249291667132638e-10
3.529879386055947282e-03 1.905251512113181889e-10
3.521964858284521403e-03 1.905258173451329640e-10
3.514085742270462234e-03 1.905240409882935637e-10
3.506241800881465531e-03 1.905249291667132638e-10
3.498432799097765059e-03 1.905255953005280389e-10
3.490658503988659182e-03 1.905227087206640135e-10
3.482918684689349266e-03 1.905242630328984887e-10
3.475213112378089907e-03 1.905233748544787886e-10
3.467541560253634917e-03 1.905220425868492384e-10
3.459903803512988200e-03 1.905242630328984887e-10
3.452299619329443018e-03 1.905255953005280389e-10
3.444728786830913558e-03 1.905227087206640135e-10
3.437191087078548396e-03 1.905235968990837137e-10
3.429686303045625852e-03 1.905227087206640135e-10
3.422214219596724730e-03 1.905240409882935637e-10
3.414774623467166544e-03 1.905240409882935637e-10
3.407367303242725756e-03 1.905238189436886387e-10
3.399992049339602834e-03 1.905231528098738636e-10
3.392648653984657939e-03 1.905249291667132638e-10
3.385336911195897889e-03 1.905229307652689386e-10
3.378056616763218563e-03 1.905233748544787886e-10
3.370807568229391895e-03 1.905253732559231139e-10
3.363589564871298770e-03 1.905235968990837137e-10
3.356402407681403043e-03 1.905242630328984887e-10
3.349245899349459748e-03 1.905233748544787886e-10
3.342119844244460965e-03 1.905244850775034138e-10
3.335024048396808063e-03 1.905224866760590885e-10
3.327958319480712936e-03 1.905255953005280389e-10
3.320922466796821272e-03 1.905224866760590885e-10
3.313916301255056141e-03 1.905235968990837137e-10
3.306939635357677119e-03 1.905258173451329640e-10
3.299992283182555820e-03 1.905269275681575891e-10
3.293074060366659589e-03 1.905244850775034138e-10
3.286184784089741639e-03 1.905242630328984887e-10
3.279324273058239342e-03 1.905244850775034138e-10
3.272492347489367685e-03 1.905255953005280389e-10
3.265688829095419153e-03 1.905255953005280389e-10
3.258913541068250101e-03 1.905240409882935637e-10
3.252166308063967910e-03 1.905227087206640135e-10
3.245446956187802903e-03 1.905249291667132638e-10
3.238755312979168036e-03 1.905260393897378890e-10
3.232091207396906377e-03 1.905251512113181889e-10
3.225454469804715524e-03 1.905222646314541635e-10
3.218844931956755043e-03 1.905247071221083388e-10
3.212262426983428665e-03 1.905235968990837137e-10
3.205706789377339976e-03 1.905249291667132638e-10
3.199177854979422860e-03 1.905215984976393884e-10
3.192675460965236755e-03 1.905244850775034138e-10
3.186199445831433205e-03 1.905242630328984887e-10
3.179749649382381579e-03 1.905262614343428140e-10
3.173325912716962616e-03 1.905240409882935637e-10
3.166928078215517240e-03 1.905244850775034138e-10
3.160555989526954955e-03 1.905229307652689386e-10
3.154209491556017077e-03 1.905255953005280389e-10
3.147888430450694348e-03 1.905227087206640135e-10
3.141592653589793307e-03 1.905240409882935637e-10
3.135322009570651845e-03 1.905255953005280389e-10
