3.926990816987241395e-01 1.061997494752775495e-03
3.141592653589793116e-01 7.689654272138302105e-04
2.617993877991494078e-01 2.037907438643404845e-04
2.243994752564137940e-01 1.624604627377124189e-04
1.963495408493620697e-01 6.380592467380985511e-05
1.745329251994329478e-01 5.252946067857422463e-05
1.570796326794896558e-01 2.600616876757833040e-05
1.427996660722633260e-01 2.178765093940882025e-05
1.308996938995747039e-01 1.250772749572526266e-05
1.208304866765304991e-01 1.061495186660543766e-05
1.121997376282068970e-01 6.740331240484565001e-06
1.047197551196597659e-01 5.782848558011366435e-06
9.817477042468103487e-02 3.946858164960431736e-06
9.239978392911156468e-02 3.418817153821862576e-06
8.726646259971647390e-02 2.462205102471415330e-06
8.267349088394192191e-02 2.151190381161072196e-06
7.853981633974482790e-02 1.614608072575407505e-06
7.479982508547126929e-02 1.421620301034209888e-06
7.139983303613166299e-02 1.102372021000164182e-06
6.829549246934332740e-02 9.774266260809127971e-07
6.544984694978735196e-02 7.781188451350118385e-07
6.283185307179586787e-02 6.943155850258619921e-07
6.041524333826524956e-02 5.648041050410057551e-07
5.817764173314431825e-02 5.068883106584820553e-07
5.609986881410344850e-02 4.198363157126294709e-07
5.416539057913436622e-02 3.787697790968991285e-07
5.235987755982988295e-02 3.185394816807018969e-07
5.067084925144827584e-02 2.887635559556400722e-07
4.908738521234051744e-02 2.460345591703827495e-07
4.759988869075443968e-02 2.240186842694669167e-07
4.619989196455578234e-02 1.930354349699570093e-07
4.487989505128275880e-02 1.764732557862913609e-07
4.363323129985823695e-02 1.535700036026099724e-07
4.245395477824044639e-02 1.409171035415823781e-07
4.133674544197096096e-02 1.236947537730515023e-07
4.027682889217683304e-02 1.138939349498713227e-07
3.926990816987241395e-02 1.007440624256616957e-07
3.831210553158284626e-02 9.305726411668047149e-08
3.739991254273563465e-02 8.287807928830659421e-08
3.653014713476503833e-02 7.678083147055758673e-08
3.569991651806583149e-02 6.880286984589645272e-08
3.490658503988659095e-02 6.391646056869149106e-08
3.414774623467166370e-02 5.759288757012370752e-08
3.342119844244460791e-02 5.363983679451678199e-08
3.272492347489367598e-02 4.857583069117765717e-08
3.205706789377339716e-02 4.535010766915092972e-08
3.141592653589793394e-02 4.125645802766086945e-08
3.079992797637052040e-02 3.860320174631226564e-08
3.020762166913262478e-02 3.526524028352184814e-08
2.963766654329993630e-02 3.306673379555036263e-08
2.908882086657215912e-02 3.032317885676150127e-08
2.855993321445266311e-02 2.848900715335389577e-08
2.804993440705172425e-02 2.621732053675884799e-08
2.755783029464730846e-02 2.467736615052729121e-08
2.708269528956718311e-02 2.278347865924956750e-08
2.662366655584570349e-02 2.148287614467392359e-08
2.617993877991494148e-02 1.989387699019573574e-08
2.575075945565404034e-02 1.878933519883219105e-08
2.533542462572413792e-02 1.744820754545628461e-08
2.493327502849042310e-02 1.650530401242633616e-08
2.454369260617025872e-02 1.536708338356618242e-08
2.416609733530609982e-02 1.455824349960721520e-08
2.379994434537721984e-02 1.358719914357209291e-08
2.344472129544621780e-02 1.289018447536705025e-08
2.309994598227789117e-02 1.205771060774907255e-08
2.276516415644777580e-02 1.145447048322978389e-08
2.243994752564137940e-02 1.073751065838735030e-08
2.212389192668868382e-02 1.021330398032205267e-08
2.181661564992911848e-02 9.593154270959303176e-09
2.151775790129995328e-02 9.135874279309064150e-09
2.122697738912022319e-02 8.597269118837402857e-09
2.094395102393195249e-02 8.196919365488497533e-09
2.066837272098548048e-02 7.727328554807399996e-09
2.039995229603761701e-02 7.375610344695360254e-09
2.013841444608841652e-02 6.964691712241233290e-09
1.988349780753033771e-02 6.654685469342780380e-09
1.963495408493620697e-02 6.293861876116579879e-09
1.939254724438143826e-02 6.019769349663306457e-09
1.915605276579142313e-02 5.701889849163421786e-09
1.892525694933610420e-02 5.458831608962100290e-09
1.869995627136781732e-02 5.177908324327518130e-09
1.847995678582231224e-02 4.961762112287715354e-09
1.826507356738251917e-02 4.712758405744921220e-09
1.805513019304478758e-02 4.520025687071438369e-09
1.784995825903291575e-02 4.298687850123883436e-09
1.764939693027973641e-02 4.126390562575465992e-09
1.745329251994329547e-02 3.929111702660748051e-09
1.726149809664721466e-02 3.774703216663510830e-09
1.707387311733583185e-02 3.598412900984726548e-09
1.689028308381609195e-02 3.459710740116861416e-09
1.671059922122230396e-02 3.301786177800636324e-09
1.653469817678838646e-02 3.176911844704477517e-09
1.636246173744683799e-02 3.035104834125945672e-09
1.619377656489584191e-02 2.922435404784096136e-09
1.602853394688669858e-02 2.794811937434360516e-09
1.586662956358481438e-02 2.692943867899089128e-09
1.570796326794896697e-02 2.577836166750557823e-09
1.555243887915739101e-02 2.485549988051616310e-09
1.539996398818526020e-02 2.381513874993856916e-09
1.525044977470773298e-02 2.297748435964308555e-09
1.510381083456631239e-02 2.203530025113309421e-09
1.495996501709425351e-02 2.127358955661406981e-09
1.481883327164996815e-02 2.041867341873171426e-09
1.468033950275604224e-02 1.972478624878704068e-09
1.454441043328607956e-02 1.894762347021128335e-09
1.441097547518253690e-02 1.831443885436101482e-09
1.427996660722633156e-02 1.760669166017692078e-09
1.415131825941348329e-02 1.702795238145426993e-09
1.402496720352586212e-02 1.638231328371375639e-09
1.390085244951235963e-02 1.585249709279423769e-09
1.377891514732365423e-02 1.526254456152287275e-09
1.365909849386866617e-02 1.477676203620603701e-09
1.354134764478359156e-02 1.423682949308613388e-09
1.342560963072561217e-02 1.379077296803643549e-09
1.331183327792285175e-02 1.329585774811903320e-09
1.319996913273022328e-02 1.288568141077917062e-09
1.308996938995747074e-02 1.243135150374996556e-09
1.298178782475121161e-02 1.205365363077248730e-09
1.287537972782702017e-02 1.163598772890850341e-09
1.277070184386094702e-02 1.128772852965198581e-09
1.266771231286206896e-02 1.090322276908750609e-09
1.256637061435917323e-02 1.058168885847976526e-09
1.246663751424521155e-02 1.022724793742213478e-09
1.236847501413304400e-02 9.930019029269487874e-10
1.227184630308512936e-02 9.602854067480848244e-10
1.217671571158834495e-02 9.327756345101079205e-10
1.208304866765304991e-02 9.025389324790467072e-10
1.199081165492287514e-02 8.770477677444432629e-10
1.189997217268860992e-02 8.490688152562597679e-10
1.181049869770598934e-02 8.254210648317439336e-10
1.172236064772310890e-02 7.995004658312154788e-10
1.163552834662886365e-02 7.775382560026855572e-10
1.154997299113894559e-02 7.534972645828474924e-10
1.146566661894085105e-02 7.330787088477563884e-10
1.138258207822388790e-02 7.107556765362232909e-10
1.130069299852443608e-02 6.917522110683194114e-10
1.121997376282068970e-02 6.710023647826801607e-10
1.114039948081486930e-02 6.532976382089827894e-10
1.106194596334434191e-02 6.339899716323316170e-10
1.098458969786640996e-02 6.174787348101062889e-10
1.090830782496455924e-02 5.994944540788083032e-10
1.083307811582687359e-02 5.840821160063569550e-10
1.075887895064997664e-02 5.673135294870235157e-10
1.068568929792446630e-02 5.529128266346106102e-10
1.061348869456011160e-02 5.372633449240993286e-10
1.054225722681138670e-02 5.237967837246060299e-10
1.047197551196597624e-02 5.091764787579222684e-10
1.040262468076090518e-02 4.965714506255380911e-10
1.033418636049274024e-02 4.829019406571433137e-10
1.026664265879017289e-02 4.710929424334153737e-10
1.019997614801880850e-02 4.582998425206596949e-10
1.013416985028965482e-02 4.472278103406779337e-10
1.006920722304420826e-02 4.352451732358986192e-10
1.000507214519042419e-02 4.248552620822465542e-10
9.941748903765168857e-03 4.136222475636941454e-10
9.879222181099978767e-03 4.038642753556587195e-10
9.817477042468103487e-03 3.933251502274970335e-10
9.756498924191904162e-03 3.841542639548833904e-10
9.696273622190719130e-03 3.742575138687698200e-10
9.636787280950286430e-03 3.656326352796668289e-10
9.578026382895711566e-03 3.563325190469868176e-10
9.519977738150888283e-03 3.482132360232981227e-10
9.462628474668052098e-03 3.394675651691159146e-10
9.405966028711954668e-03 3.318194607970781362e-10
9.349978135683908662e-03 3.235884893371121507e-10
9.294652821271577256e-03 3.163789230598013091e-10
9.239978392911156121e-03 3.086271238572635411e-10
9.185943431549102242e-03 3.018270078314344573e-10
9.132536783691259583e-03 2.945206301063763021e-10
9.079747553727725989e-03 2.881013205779936470e-10
9.027565096522393792e-03 2.812112764871699255e-10
8.975979010256551066e-03 2.751481265050870206e-10
8.924979129516457874e-03 2.686444400268328536e-10
8.874555518615235075e-03 2.629145789967424207e-10
8.824698465139868206e-03 2.567721590907012796e-10
8.775398473714505349e-03 2.513533825521108156e-10
8.726646259971647737e-03 2.455491365793704972e-10
8.678432744723185710e-03 2.404207943840219741e-10
8.630749048323607328e-03 2.349322958394850502e-10
8.583586485218014026e-03 2.300759582851696905e-10
8.536936558667915925e-03 2.248827790651830583e-10
8.490790955648089972e-03 2.202822368957413346e-10
8.445141541908045973e-03 2.153652811642814413e-10
8.399980357191959637e-03 2.110036589897390513e-10
8.355299610611151978e-03 2.063458293122266696e-10
8.311091676163473788e-03 2.022086942332634862e-10
8.267349088394193232e-03 1.977935593089341637e-10
8.224064538193175469e-03 1.938675886492546852e-10
8.181230868723418995e-03 1.896800494449735197e-10
8.138841071476148742e-03 1.859516984836773190e-10
8.096888282447920956e-03 1.819782102785438838e-10
8.055365778435366608e-03 1.784359326961748593e-10
8.014266973443349290e-03 1.746633948584985774e-10
7.973585415202519983e-03 1.712963104694154026e-10
7.933314781792407192e-03 1.677125105459253973e-10
7.893448878366314536e-03 1.645101832536965958e-10
7.853981633974483484e-03 1.611035749249367655e-10
7.814907098482072600e-03 1.580566788561554858e-10
7.776219439578695505e-03 1.548177142041140542e-10
7.737912939876337784e-03 1.519169234853734451e-10
7.699981994092630101e-03 1.488349443690140106e-10
7.662421106316568385e-03 1.460720433499318460e-10
7.625224887353866492e-03 1.431383900296623324e-10
7.588388052149258600e-03 1.405062732828810113e-10
7.551905417283156195e-03 1.377116198852945672e-10
7.515771898540174641e-03 1.352022938050367884e-10
7.479982508547126756e-03 1.325399789919856630e-10
7.444532354478183150e-03 1.301465601954987505e-10
7.409416635824984075e-03 1.276085903612056427e-10
7.374630642229561273e-03 1.253253056887615458e-10
7.340169751378021121e-03 1.229047974504737795e-10
7.306029426953007146e-03 1.207247635193198221e-10
7.272205216643039781e-03 1.184157216727044215e-10
7.238692750206896301e-03 1.163333873677174779e-10
7.205487737591268448e-03 1.141295946638365422e-10
7.172585967099984715e-03 1.121402970483131867e-10
7.139983303613165778e-03 1.100353141936238899e-10
7.107675686854735345e-03 1.081341682862557718e-10
7.075659129706741643e-03 1.061235543886596133e-10
7.043929716569042807e-03 1.043054531635334570e-10
7.012483601762931062e-03 1.023841011971171611e-10
6.981317007977318363e-03 1.006448258067393908e-10
6.950426224756179813e-03 9.880740670098475675e-11
6.919807607025976401e-03 9.714340443167657213e-11
6.889457573661827115e-03 9.538569933909002430e-11
6.859372606091251705e-03 9.379252929875292466e-11
6.829549246934333087e-03 9.211098550565566256e-11
6.799984098679205669e-03 9.058531702521577245e-11
6.770673822391795778e-03 8.897549363950929546e-11
6.741615136458783790e-03 8.751355196068288933e-11
6.712804815362806085e-03 8.597234035789824702e-11
6.684239688488921929e-03 8.457123890082129947e-11
6.655916638961425873e-03 8.309508636727969133e-11
6.627832602510112282e-03 8.175171650748325192e-11
6.599984566365111639e-03 8.033684828490095242e-11
6.572369568179483278e-03 7.904854548712592077e-11
6.544984694978735369e-03 7.769229704024382954e-11
6.517827082136500201e-03 7.645617472462618025e-11
6.490893912375605805e-03 7.515543742897534685e-11
6.464182414793812753e-03 7.396905310486090457e-11
6.437689863913510085e-03 7.272182855899700371e-11
6.411413578754679952e-03 7.158273973573159310e-11
6.385350921930473510e-03 7.038569727058074932e-11
6.359499298764763157e-03 6.929146145751019503e-11
6.333856156431034480e-03 6.814215858241823298e-11
6.308418983112034154e-03 6.709122146730805980e-11
6.283185307179586614e-03 6.598788182543557923e-11
6.258152696394010499e-03 6.497824500684146187e-11
6.233318757122605774e-03 6.391753792911458731e-11
6.208681133576665970e-03 6.294698096098727547e-11
6.184237507066521998e-03 6.192801826898630679e-11
6.159985595274104081e-03 6.099454274988147517e-11
6.135923151542564680e-03 6.001532604216208711e-11
6.112047964182476707e-03 5.911737765984526050e-11
6.088357855794172477e-03 5.817590853496312775e-11
6.064850682605778427e-03 5.731237706640968099e-11
6.041524333826524956e-03 5.640665712292047829e-11
6.018376731014929773e-03 5.557532212208116107e-11
5.995405827461437569e-03 5.470357500314548815e-11
5.972609607585157784e-03 5.390354829160060035e-11
5.949986086344304960e-03 5.306466377419383207e-11
5.927533308659986913e-03 5.229416899510397343e-11
5.905249348852994670e-03 5.148637072238670953e-11
5.883132310093245471e-03 5.074429765272725490e-11
5.861180323861554450e-03 4.996669744627979526e-11
5.839391549423407143e-03 4.925171381842119445e-11
5.817764173314431825e-03 4.850275736600906384e-11
5.796296408837256844e-03 4.781330886771684163e-11
5.774986495569472793e-03 4.709166390171048988e-11
5.753832698882404596e-03 4.642730644377479621e-11
5.732833309470425527e-03 4.573164069654467312e-11
5.711986642890532970e-03 4.509104201133595780e-11
5.691291039111943950e-03 4.442024525985743821e-11
5.670744862075438944e-03 4.380229512435107608e-11
5.650346499262218040e-03 4.315592327941430995e-11
5.630094361272030938e-03 4.255973351519060088e-11
5.609986881410344850e-03 4.193601021995618794e-11
5.590022515284329141e-03 4.136047060399050679e-11
5.570199740407434652e-03 4.075895176924859697e-11
5.550517055812355209e-03 4.020339616772616864e-11
5.530972981672170954e-03 3.962297157045213680e-11
5.511566058929461866e-03 3.908673384955818619e-11
5.492294848933204979e-03 3.852607122212248214e-11
5.473157933083263628e-03 3.800804115883238410e-11
5.454153912482279619e-03 3.746736254583993286e-11
5.435281407594797463e-03 3.696620787252413720e-11
5.416539057913436796e-03 3.644395896174046356e-11
5.397925521631947304e-03 3.596078990142359544e-11
5.379439475324988319e-03 3.545586046982407424e-11
5.361079613634459583e-03 3.498845657645688334e-11
5.342844648962233149e-03 3.450084662404151459e-11
5.324733311169140698e-03 3.404876380841415084e-11
5.306744347280055799e-03 3.357780720136815944e-11
5.288876521194937549e-03 3.314060137427077279e-11
5.271128613405693351e-03 3.268563197877938364e-11
5.253499420718717693e-03 3.226330314021197410e-11
5.235987755982988122e-03 3.182232255483086192e-11
5.218592447823577028e-03 3.141353843716387928e-11
5.201312340380452592e-03 3.098787892952259426e-11
5.184146293052463959e-03 3.059241748815111350e-11
5.167093180246370120e-03 3.018052474601518043e-11
5.150151891130808415e-03 2.979794189172935148e-11
5.133321329395086445e-03 2.939892773667907022e-11
5.116600413012692417e-03 2.902877938026904303e-11
5.099988074009404251e-03 2.864308790151426365e-11
5.083483258235911573e-03 2.828404177535048802e-11
5.067084925144827411e-03 2.791078479447151039e-11
5.050792047572015032e-03 2.756350703236876143e-11
5.034603611522104130e-03 2.720179637094588543e-11
5.018518615958135649e-03 2.686584288369431306e-11
5.002536072595212095e-03 2.651523445251768862e-11
4.986655005698083926e-03 2.618927297248774266e-11
4.970874451882584429e-03 2.585065494997706992e-11
4.955193459920809000e-03 2.553468547716875037e-11
4.939611090549989383e-03 2.520628150648462906e-11
4.924126416284942305e-03 2.490030404089793592e-11
4.908738521234051744e-03 2.458189207743544102e-11
4.893446500918680747e-03 2.428524048525559920e-11
4.878249462095952081e-03 2.397748666282950580e-11
4.863146522584818783e-03 2.368949481024174020e-11
4.848136811095359565e-03 2.339040072740772302e-11
4.833219467061220138e-03 2.311129065901695867e-11
4.818393640475143215e-03 2.282152244958979281e-11
4.803658491727512587e-03 2.255129416539602971e-11
4.789013191447855783e-03 2.227040774016586511e-11
4.774456920349229826e-03 2.200772897253955307e-11
4.759988869075444141e-03 2.173505819769161462e-11
4.745608238051046875e-03 2.148059508044752874e-11
4.731314237334026049e-03 2.121636200058674149e-11
4.717106086471160517e-03 2.096900431070025661e-11
4.702983014355977334e-03 2.071254279201184545e-11
4.688944259089243560e-03 2.047229052948296157e-11
4.674989067841954331e-03 2.022360057196692651e-11
4.661116696720761683e-03 1.999089782600549370e-11
4.647326410635788628e-03 1.974909125124213460e-11
4.633617483170785964e-03 1.952327188803337776e-11
4.619989196455578061e-03 1.928834869602269464e-11
4.606440841040752507e-03 1.906919067096168874e-11
4.592971715774551121e-03 1.884115086170368158e-11
4.579581127681913756e-03 1.862798804097565153e-11
4.566268391845629791e-03 1.840727570368017041e-11
4.553032831289554813e-03 1.819966399807526614e-11
4.539873776863862995e-03 1.798516890971768589e-11
4.526790567132266650e-03 1.778377445305068250e-11
4.513782548261196896e-03 1.757549661363100313e-11
4.500849073910878628e-03 1.737943122748220048e-11
4.487989505128275533e-03 1.717692654779057193e-11
4.475203210241870434e-03 1.698663432136982010e-11
4.462489564758228937e-03 1.678968075680131733e-11
4.449847951260329885e-03 1.660493964550369128e-11
4.437277759307617538e-03 1.641331515145338926e-11
4.424778385337736417e-03 1.623368106606903893e-11
4.412349232569934103e-03 1.604782973174678773e-11
4.399989710910074715e-03 1.587308062767078809e-11
4.387699236857252674e-03 1.569255836386673764e-11
4.375477233411967717e-03 1.552225015188923862e-11
4.363323129985823869e-03 1.534616878018368880e-11
4.351236362312733280e-03 1.518096759411946550e-11
4.339216372361592855e-03 1.501043733753704146e-11
4.327262608250404159e-03 1.484923295436146873e-11
4.315374524161803664e-03 1.468269950066769525e-11
4.303551580259990308e-03 1.452660214340539824e-11
4.291793242609007013e-03 1.436428753720520035e-11
4.280098983092361399e-03 1.421196493822662887e-11
4.268468279333957963e-03 1.405475735793970671e-11
4.256900614620315673e-03 1.390665360645471083e-11
4.245395477824044986e-03 1.375366487366136425e-11
4.233952363328562576e-03 1.360911383585516887e-11
4.222570770954022987e-03 1.345989986134554783e-11
4.211250205884441156e-03 1.331934562642800302e-11
4.199990178595979819e-03 1.317412845480703254e-11
4.188790204786390498e-03 1.303779306738306332e-11
4.177649805305575989e-03 1.289612860944089334e-11
4.166568506087258740e-03 1.276312389109079959e-11
4.155545838081736894e-03 1.262567828064220521e-11
4.144581337189700253e-03 1.249556014215613686e-11
4.133674544197096616e-03 1.236144520078141795e-11
4.122825004711014665e-03 1.223554590978892520e-11
4.112032269096587735e-03 1.210476163748808176e-11
4.101295892414873363e-03 1.198197097096453945e-11
4.090615434361709497e-03 1.185429532313264644e-11
4.079990459207523922e-03 1.173483532568297960e-11
4.069420535738074371e-03 1.161137852534466219e-11
4.058905237196114985e-03 1.149391692933932063e-11
4.048444141223960478e-03 1.137334670886502863e-11
4.038036829806932425e-03 1.125921578193356254e-11
4.027682889217683304e-03 1.114153214132329595e-11
4.017381909961372302e-03 1.103095392807063035e-11
4.007133486721674645e-03 1.091615686732438917e-11
3.996937218307624468e-03 1.080779910012097389e-11
3.986792707601259991e-03 1.069611066384368314e-11
3.976699561506067543e-03 1.059063947650429327e-11
3.966657390896203596e-03 1.048183762009102793e-11
3.956665810566490499e-03 1.037880892340581340e-11
3.946724439183157268e-03 1.027289364685657347e-11
3.936832899235329780e-03 1.017208539622060925e-11
3.926990816987241742e-03 1.006861261032554467e-11
3.917197822431163837e-03 9.970690939553605858e-12
3.907453549241036300e-03 9.869660644312716613e-12
3.897757634726790616e-03 9.774625553404803213e-12
3.888109719789347753e-03 9.675593659608239250e-12
3.878509448876287739e-03 9.582779014749576163e-12
3.868956469938168892e-03 9.486855745421962638e-12
3.859450434385495402e-03 9.395373368192849739e-12
3.849990997046315051e-03 9.301670544914486527e-12
3.840577816124441431e-03 9.213296792154324066e-12
3.831210553158284193e-03 9.121370325715361105e-12
3.821888872980283396e-03 9.035217019004448957e-12
3.812612443676933246e-03 8.945955087824586371e-12
3.803380936549386523e-03 8.861356093348149443e-12
3.794194026074629300e-03 8.774536652822462202e-12
3.785051389867220752e-03 8.691714015185425524e-12
3.775952708641578098e-03 8.606670931499138533e-12
3.766897666174811882e-03 8.526068739911352168e-12
3.757885949270087320e-03 8.443246102274315490e-12
3.748917247720516890e-03 8.364198222921004344e-12
3.739991254273563378e-03 8.283596031333217979e-12
3.731107664595953791e-03 8.206768598029157147e-12
3.722266177239091575e-03 8.127498674070920970e-12
3.713466493604956290e-03 8.052447597606260388e-12
3.704708317912492038e-03 7.975398119697274524e-12
3.695991357164462535e-03 7.902123400072014192e-12
3.687315321114780636e-03 7.826406189792578516e-12
3.678679922236291911e-03 7.755129871611643466e-12
3.670084875689010560e-03 7.681411062776533072e-12
3.661529899288803319e-03 7.611244967620223179e-12
3.653014713476503573e-03 7.539302515624513035e-12
3.644539041287463057e-03 7.471356866517453454e-12
3.636102608321519890e-03 7.400746682151293498e-12
3.627705142713386847e-03 7.333911256068859075e-12
3.619346375103448150e-03 7.265521517751949432e-12
3.611026038608957430e-03 7.199796314694140165e-12
3.602743868795634224e-03 7.132738844006780710e-12
3.594499603649649062e-03 7.069012042393296724e-12
3.586292983549992357e-03 7.003730928545337520e-12
3.578123751241222335e-03 6.941336394561403722e-12
3.569991651806582889e-03 6.877387548342994705e-12
3.561896432641488766e-03 6.816103237383686064e-12
3.553837843427367672e-03 6.753486658794827235e-12
3.545815636105861465e-03 6.693534615465068782e-12
3.537829564853370821e-03 6.632472349110685172e-12
3.529879386055947282e-03 6.574074618015401938e-12
3.521964858284521403e-03 6.514344619290568517e-12
3.514085742270462234e-03 6.457279155824835470e-12
3.506241800881465531e-03 6.398659380124627205e-12
3.498432799097765059e-03 6.342704139683519315e-12
3.490658503988659182e-03 6.285860720822711301e-12
3.482918684689349266e-03 6.231015703406228567e-12
3.475213112378089907e-03 6.175282507570045709e-12
3.467541560253634917e-03 6.121769757783113164e-12
3.459903803512988200e-03 6.067368829576480493e-12
3.452299619329443018e-03 6.015188347419098136e-12
3.444728786830913558e-03 5.961675597632165591e-12
3.437191087078548396e-03 5.910605338499408390e-12
3.429686303045625852e-03 5.857980767132175970e-12
3.422214219596724730e-03 5.808242775628968957e-12
3.414774623467166544e-03 5.756728427286361693e-12
3.407367303242725756e-03 5.707656569597929774e-12
3.399992049339602834e-03 5.657474488884872699e-12
3.392648653984657939e-03 5.610178988035841030e-12
3.385336911195897889e-03 5.560663041137559048e-12
3.378056616763218563e-03 5.513589584893452411e-12
3.370807568229391895e-03 5.466072039439495711e-12
3.363589564871298770e-03 5.420330850824939262e-12
3.356402407681403043e-03 5.373257394580832624e-12
3.349245899349459748e-03 5.328182339781051269e-12
3.342119844244460965e-03 5.282441151166494819e-12
3.335024048396808063e-03 5.238032230181488558e-12
3.327958319480712936e-03 5.192957175381707202e-12
3.320922466796821272e-03 5.150546655841026222e-12
3.313916301255056141e-03 5.105915690251094929e-12
3.306939635357677119e-03 5.063949259920264012e-12
3.299992283182555820e-03 5.020650561959882907e-12
3.293074060366659589e-03 4.979572310048752115e-12
3.286184784089741639e-03 4.937161790508071135e-12
3.279324273058239342e-03 4.896971717016640469e-12
3.272492347489367685e-03 4.855449375895659614e-12
3.265688829095419153e-03 4.815925436219004041e-12
3.258913541068250101e-03 4.775513318122648343e-12
3.252166308063967910e-03 4.737099601470617927e-12
3.245446956187802903e-03 4.696909527979187260e-12
3.238755312979168036e-03 4.659161945141931938e-12
3.232091207396906377e-03 4.620082094675126427e-12
3.225454469804715524e-03 4.582778601047721168e-12
3.218844931956755043e-03 4.545253062815390876e-12
3.212262426983428665e-03 4.508171613792910648e-12
3.205706789377339976e-03 4.471312209375355451e-12
3.199177854979422860e-03 4.435563027982425410e-12
3.192675460965236755e-03 4.398925668169795244e-12
3.186199445831433205e-03 4.363842620591640298e-12
3.179749649382381579e-03 4.328315483803635288e-12
3.173325912716962616e-03 4.293898570040255436e-12
3.166928078215517240e-03 4.258593477857175458e-12
3.160555989526954955e-03 4.225286787118420762e-12
3.154209491556017077e-03 4.190647828750115877e-12
3.147888430450694348e-03 4.158229316431061307e-12
3.141592653589793307e-03 4.124034447272606485e-12
