3.141592653589793116e-01 1.734766573036061743e-05
2.617993877991494078e-01 8.341911613252150914e-06
2.243994752564137940e-01 4.494913875996431329e-06
1.963495408493620697e-01 2.631849170153799378e-06
1.745329251994329478e-01 1.641771158356064575e-06
1.570796326794896558e-01 1.076565357527314859e-06
1.427996660722633260e-01 7.350049426868565661e-07
1.308996938995747039e-01 5.187994118749372774e-07
1.208304866765304991e-01 3.765691445334340415e-07
1.121997376282068970e-01 2.799120535357246808e-07
1.047197551196597659e-01 2.123736306813839292e-07
9.817477042468103487e-02 1.640325095753070173e-07
9.239978392911156468e-02 1.286968567271173924e-07
8.726646259971647390e-02 1.023846496472913259e-07
8.267349088394192191e-02 8.246651694854278958e-08
7.853981633974482790e-02 6.716515965621283613e-08
7.479982508547126929e-02 5.525387347660171145e-08
7.139983303613166299e-02 4.586994983846182095e-08
6.829549246934332740e-02 3.839630102753233132e-08
6.544984694978735196e-02 3.238468937460936559e-08
6.283185307179586787e-02 2.750492789083125444e-08
6.041524333826524956e-02 2.351064765093724418e-08
5.817764173314431825e-02 2.021583700440032771e-08
5.609986881410344850e-02 1.747851952060841541e-08
5.416539057913436622e-02 1.518922987386872592e-08
5.235987755982988295e-02 1.326278065150177099e-08
5.067084925144827584e-02 1.163229712553004447e-08
4.908738521234051744e-02 1.024485052347756664e-08
4.759988869075443968e-02 9.058237271375446653e-09
4.619989196455578234e-02 8.038559595746619379e-09
4.487989505128275880e-02 7.158410086915978354e-09
4.363323129985823695e-02 6.395493468147606109e-09
4.245395477824044639e-02 5.731560337451924170e-09
4.133674544197096096e-02 5.151591153662593570e-09
4.027682889217683304e-02 4.643159412509589856e-09
3.926990816987241395e-02 4.195933822614961173e-09
3.831210553158284626e-02 3.801281511783827227e-09
3.739991254273563465e-02 3.451955832289854698e-09
3.653014713476503833e-02 3.141852777943654473e-09
3.569991651806583149e-02 2.865803594431781676e-09
3.490658503988659095e-02 2.619416461513424110e-09
3.414774623467166370e-02 2.398949483506385150e-09
3.342119844244460791e-02 2.201196114270942417e-09
3.272492347489367598e-02 2.023407441598124024e-09
3.205706789377339716e-02 1.863210696839701086e-09
3.141592653589793394e-02 1.718559072827474665e-09
3.079992797637052040e-02 1.587677544989674061e-09
3.020762166913262478e-02 1.469020460831416131e-09
2.963766654329993630e-02 1.361244228448299509e-09
2.908882086657215912e-02 1.263174009835665856e-09
2.855993321445266311e-02 1.173778185759033477e-09
2.804993440705172425e-02 1.092152812631752568e-09
2.755783029464730846e-02 1.017501194411352117e-09
2.708269528956718311e-02 9.491198937894296250e-10
2.662366655584570349e-02 8.863880740506147049e-10
2.617993877991494148e-02 8.287543984408785036e-10
2.575075945565404034e-02 7.757299247401761022e-10
2.533542462572413792e-02 7.268785573444347392e-10
2.493327502849042310e-02 6.818137165964799351e-10
2.454369260617025872e-02 6.401874586003941658e-10
2.416609733530609982e-02 6.016895870430971627e-10
2.379994434537721984e-02 5.660429902576424865e-10
2.344472129544621780e-02 5.329974239742796271e-10
2.309994598227789117e-02 5.023295113204540030e-10
2.276516415644777580e-02 4.738340830812148852e-10
2.243994752564137940e-02 4.473315051711779233e-10
2.212389192668868382e-02 4.226567984488838192e-10
2.181661564992911848e-02 3.996607489398229518e-10
2.151775790129995328e-02 3.782063551227565767e-10
2.122697738912022319e-02 3.581732688218153271e-10
2.094395102393195249e-02 3.394482472884874369e-10
2.066837272098548048e-02 3.219315924951615671e-10
2.039995229603761701e-02 3.055302677523741295e-10
2.013841444608841652e-02 2.901607842886733124e-10
1.988349780753033771e-02 2.757454264923353549e-10
1.963495408493620697e-02 2.622149164466236471e-10
1.939254724438143826e-02 2.495024187254557546e-10
1.915605276579142313e-02 2.375528662668102697e-10
1.892525694933610420e-02 2.263085274734066843e-10
1.869995627136781732e-02 2.157232170674205918e-10
1.847995678582231224e-02 2.057487513695832604e-10
1.826507356738251917e-02 1.963451623510081845e-10
1.805513019304478758e-02 1.874711497151793083e-10
1.784995825903291575e-02 1.790938508605677271e-10
1.764939693027973641e-02 1.711788488734100611e-10
1.745329251994329547e-02 1.636979440888808313e-10
1.726149809664721466e-02 1.566198282176856083e-10
1.707387311733583185e-02 1.499189661302580134e-10
1.689028308381609195e-02 1.435744856337350939e-10
1.671059922122230396e-02 1.375619618215750961e-10
1.653469817678838646e-02 1.318609665901249173e-10
1.636246173744683799e-02 1.264517379695462296e-10
1.619377656489584191e-02 1.213162903468401055e-10
1.602853394688669858e-02 1.164406349118962680e-10
1.586662956358481438e-02 1.118054537840862395e-10
1.570796326794896697e-02 1.074009770007933184e-10
1.555243887915739101e-02 1.032089969044136524e-10
1.539996398818526020e-02 9.922085375535516505e-11
1.525044977470773298e-02 9.542433510034697974e-11
1.510381083456631239e-02 9.180700644151329470e-11
1.495996501709425351e-02 8.835798759321278339e-11
1.481883327164996815e-02 8.507172744032232004e-11
1.468033950275604224e-02 8.193445921733655268e-11
1.454441043328607956e-02 7.894263021057668084e-11
1.441097547518253690e-02 7.608624841282107809e-11
1.427996660722633156e-02 7.335598795066289313e-11
1.415131825941348329e-02 7.074762997660855035e-11
1.402496720352586212e-02 6.825495724172014889e-11
1.390085244951235963e-02 6.586997614022038761e-11
1.377891514732365423e-02 6.358957804764031607e-11
1.365909849386866617e-02 6.140554731359770813e-11
1.354134764478359156e-02 5.931655167046301358e-11
1.342560963072561217e-02 5.731370933403923118e-11
1.331183327792285175e-02 5.539479985827711062e-11
1.319996913273022328e-02 5.355627052949785138e-11
1.308996938995747074e-02 5.179368045560295286e-11
1.298178782475121161e-02 5.010281078909883945e-11
1.287537972782702017e-02 4.847988677170178562e-11
1.277070184386094702e-02 4.692246591275761602e-11
1.266771231286206896e-02 4.542743958779738023e-11
1.256637061435917323e-02 4.399103303853735270e-11
1.246663751424521155e-02 4.261013764050858299e-11
1.236847501413304400e-02 4.128430930450122105e-11
1.227184630308512936e-02 4.000910713841676625e-11
1.217671571158834495e-02 3.878364296383551846e-11
1.208304866765304991e-02 3.760258771023927693e-11
1.199081165492287514e-02 3.646816182367729198e-11
1.189997217268860992e-02 3.537592441205106297e-11
1.181049869770598934e-02 3.432387707391626464e-11
1.172236064772310890e-02 3.330957731861872162e-11
1.163552834662886365e-02 3.233502354760275921e-11
1.154997299113894559e-02 3.139422055653540156e-11
1.146566661894085105e-02 3.048694630081172363e-11
1.138258207822388790e-02 2.961209055740710028e-11
1.130069299852443608e-02 2.876965332632153149e-11
1.121997376282068970e-02 2.795630393848114181e-11
1.114039948081486930e-02 2.717204239388593123e-11
1.106194596334434191e-02 2.641353802346202428e-11
1.098458969786640996e-02 2.568456558549314650e-11
1.090830782496455924e-02 2.497735351880692178e-11
1.083307811582687359e-02 2.429478840326737554e-11
1.075887895064997664e-02 2.363664819426958275e-11
1.068568929792446630e-02 2.300026835655444302e-11
1.061348869456011160e-02 2.238365048867763107e-11
1.054225722681138670e-02 2.178945912589824729e-11
1.047197551196597624e-02 2.121436359914241621e-11
1.040262468076090518e-02 2.065814186380521278e-11
1.033418636049274024e-02 2.011901756304723676e-11
1.026664265879017289e-02 1.959876705370788841e-11
1.019997614801880850e-02 1.909450375592314231e-11
1.013416985028965482e-02 1.860733789271762362e-11
1.006920722304420826e-02 1.813460492883223196e-11
1.000507214519042419e-02 1.767652690887189237e-11
9.941748903765168857e-03 1.723354792204645491e-11
9.879222181099978767e-03 1.680433570072636940e-11
9.817477042468103487e-03 1.638666979886238551e-11
9.756498924191904162e-03 1.598388088552837871e-11
9.696273622190719130e-03 1.559330442546524864e-11
9.636787280950286430e-03 1.521294201722867001e-11
9.578026382895711566e-03 1.484590228528759326e-11
9.519977738150888283e-03 1.448841047135829285e-11
9.462628474668052098e-03 1.414512951214419445e-11
9.405966028711954668e-03 1.380739966805322183e-11
9.349978135683908662e-03 1.348099409881342581e-11
9.294652821271577256e-03 1.316524667061003129e-11
9.239978392911156121e-03 1.285793693739378796e-11
9.185943431549102242e-03 1.256128534521394613e-11
9.132536783691259583e-03 1.227129509118185524e-11
9.079747553727725989e-03 1.199085275516154070e-11
9.027565096522393792e-03 1.171684971268405207e-11
8.975979010256551066e-03 1.145150640979863965e-11
8.924979129516457874e-03 1.119326853427082824e-11
8.874555518615235075e-03 1.094191404149569280e-11
8.824698465139868206e-03 1.069855315449785849e-11
8.775398473714505349e-03 1.046118747183300002e-11
8.726646259971647737e-03 1.023003903810604243e-11
8.678432744723185710e-03 1.000599603173668584e-11
8.630749048323607328e-03 9.788392318910155154e-12
8.583586485218014026e-03 9.575229498182125099e-12
8.536936558667915925e-03 9.369616194021546107e-12
8.490790955648089972e-03 9.168443781959467742e-12
8.445141541908045973e-03 8.971934306600815034e-12
8.399980357191959637e-03 8.782752303204688360e-12
8.355299610611151978e-03 8.596900968882437155e-12
8.311091676163473788e-03 8.416600749683311733e-12
8.267349088394193232e-03 8.241407556397462031e-12
8.224064538193175469e-03 8.069767076790412830e-12
8.181230868723418995e-03 7.903455667701564380e-12
8.138841071476148742e-03 7.739808793871816306e-12
8.096888282447920956e-03 7.581268945955343952e-12
8.055365778435366608e-03 7.426503856322597130e-12
8.014266973443349290e-03 7.276401703393275966e-12
7.973585415202519983e-03 7.128964085723055177e-12
7.933314781792407192e-03 6.987299627780885203e-12
7.893448878366314536e-03 6.847855615887965541e-12
7.853981633974483484e-03 6.711298183859071287e-12
7.814907098482072600e-03 6.580069822348377784e-12
7.776219439578695505e-03 6.449285550047534343e-12
7.737912939876337784e-03 6.323830348264891654e-12
7.699981994092630101e-03 6.200817637136424310e-12
7.662421106316568385e-03 6.081579684291682497e-12
7.625224887353866492e-03 5.963229909866640810e-12
7.588388052149258600e-03 5.849987161354874843e-12
7.551905417283156195e-03 5.737410546657883970e-12
7.515771898540174641e-03 5.628164601034768566e-12
7.479982508547126756e-03 5.523359547510153789e-12
7.444532354478183150e-03 5.417000181751063792e-12
7.409416635824984075e-03 5.317080109534799703e-12
7.374630642229561273e-03 5.218492304948085803e-12
7.340169751378021121e-03 5.120792678781072027e-12
7.306029426953007146e-03 5.026423721687933721e-12
7.272205216643039781e-03 4.934275210644045728e-12
7.238692750206896301e-03 4.843014878019857861e-12
7.205487737591268448e-03 4.754419080654770369e-12
7.172585967099984715e-03 4.669820086178333440e-12
7.139983303613165778e-03 4.584332913282196387e-12
7.107675686854735345e-03 4.501510275645159709e-12
7.075659129706741643e-03 4.420686039452448313e-12
7.043929716569042807e-03 4.343636561543462449e-12
7.012483601762931062e-03 4.264810726795076334e-12
6.981317007977318363e-03 4.189981694935340784e-12
6.950426224756179813e-03 4.116484930705155421e-12
6.919807607025976401e-03 4.044320434104520245e-12
6.889457573661827115e-03 3.975042517367910477e-12
6.859372606091251705e-03 3.905542556026375678e-12
6.829549246934333087e-03 3.836486683894690941e-12
6.799984098679205669e-03 3.771649659256581799e-12
6.770673822391795778e-03 3.705924456198772532e-12
6.741615136458783790e-03 3.642641743795138609e-12
6.712804815362806085e-03 3.581135388230904937e-12
6.684239688488921929e-03 3.522737657135621703e-12
6.655916638961425873e-03 3.461231301571388030e-12
6.627832602510112282e-03 3.403943793500729953e-12
6.599984566365111639e-03 3.346878330034996907e-12
6.572369568179483278e-03 3.291811268013589142e-12
6.544984694978735369e-03 3.236966250597106409e-12
6.517827082136500201e-03 3.183897590020023927e-12
6.490893912375605805e-03 3.131050974047866475e-12
6.464182414793812753e-03 3.080202759520034306e-12
6.437689863913510085e-03 3.030242723411902261e-12
6.411413578754679952e-03 2.981392910328395374e-12
6.385350921930473510e-03 2.932099008035038423e-12
6.359499298764763157e-03 2.885247596395856817e-12
6.333856156431034480e-03 2.839950496991150430e-12
6.308418983112034154e-03 2.794875442191369075e-12
6.283185307179586614e-03 2.748912208971887594e-12
6.258152696394010499e-03 2.706057600221356552e-12
6.233318757122605774e-03 2.663202991470825509e-12
6.208681133576665970e-03 2.620792471930144529e-12
6.184237507066521998e-03 2.579936264623938769e-12
6.159985595274104081e-03 2.539968235737433133e-12
6.135923151542564680e-03 2.500000206850927498e-12
6.112047964182476707e-03 2.463584891643222363e-12
6.088357855794172477e-03 2.424060951966566790e-12
6.064850682605778427e-03 2.387201547549011593e-12
6.041524333826524956e-03 2.351008276946231490e-12
6.018376731014929773e-03 2.314148872528676293e-12
5.995405827461437569e-03 2.279065824950521346e-12
5.972609607585157784e-03 2.244426866582216462e-12
5.949986086344304960e-03 2.210898131238536735e-12
5.927533308659986913e-03 2.177591440499782038e-12
5.905249348852994670e-03 2.144728838970877405e-12
5.883132310093245471e-03 2.113420549676447990e-12
5.861180323861554450e-03 2.082556349591868639e-12
5.839391549423407143e-03 2.049915792667889036e-12
5.817764173314431825e-03 2.020161815607934841e-12
5.796296408837256844e-03 1.991740106177530834e-12
5.774986495569472793e-03 1.961319995302801544e-12
5.753832698882404596e-03 1.933120330477322568e-12
5.732833309470425527e-03 1.904698621046918561e-12
5.711986642890532970e-03 1.877165090036214679e-12
5.691291039111943950e-03 1.852074049679686141e-12
5.670744862075438944e-03 1.822542117224656977e-12
5.650346499262218040e-03 1.798561299892753595e-12
5.630094361272030938e-03 1.770583679672199651e-12
5.609986881410344850e-03 1.746380817735371238e-12
5.590022515284329141e-03 1.723066134218242951e-12
5.570199740407434652e-03 1.699085316886339569e-12
5.550517055812355209e-03 1.673550187319960969e-12
5.530972981672170954e-03 1.650901637617607776e-12
5.511566058929461866e-03 1.627808998705404520e-12
5.492294848933204979e-03 1.605826582817826420e-12
5.473157933083263628e-03 1.582289854695773101e-12
5.454153912482279619e-03 1.560307438808195002e-12
5.435281407594797463e-03 1.539879335155092122e-12
5.416539057913436796e-03 1.518785097687214147e-12
5.397925521631947304e-03 1.498579038639036298e-12
5.379439475324988319e-03 1.476374578146533167e-12
5.361079613634459583e-03 1.456612608308205381e-12
5.342844648962233149e-03 1.438182906099427782e-12
5.324733311169140698e-03 1.418642980866025027e-12
5.306744347280055799e-03 1.398881011027697241e-12
5.288876521194937549e-03 1.379563130399219517e-12
5.271128613405693351e-03 1.361577517400291981e-12
5.253499420718717693e-03 1.343147815191514383e-12
5.235987755982988122e-03 1.324051979167961690e-12
5.218592447823577028e-03 1.307842723008434405e-12
5.201312340380452592e-03 1.291633466848907119e-12
5.184146293052463959e-03 1.274091943059829646e-12
5.167093180246370120e-03 1.258104731505227392e-12
5.150151891130808415e-03 1.242561609160475200e-12
5.133321329395086445e-03 1.224798040766472695e-12
5.116600413012692417e-03 1.209699007631570566e-12
5.099988074009404251e-03 1.193933840681893344e-12
5.083483258235911573e-03 1.176836406102665933e-12
5.067084925144827411e-03 1.161959417572688835e-12
5.050792047572015032e-03 1.148192652067336894e-12
5.034603611522104130e-03 1.131095217488109483e-12
5.018518615958135649e-03 1.119992987241857918e-12
5.002536072595212095e-03 1.104671909502030758e-12
4.986655005698083926e-03 1.090905143996678817e-12
4.970874451882584429e-03 1.078470646120877063e-12
4.955193459920809000e-03 1.062927523776124872e-12
4.939611090549989383e-03 1.050937115110173181e-12
4.924126416284942305e-03 1.036948304999896209e-12
4.908738521234051744e-03 1.023181539494544268e-12
4.893446500918680747e-03 1.011191130828592577e-12
4.878249462095952081e-03 9.985345883478657925e-13
4.863146522584818783e-03 9.858780458671390079e-13
4.848136811095359565e-03 9.736655925962622860e-13
4.833219467061220138e-03 9.636735853746358771e-13
4.818393640475143215e-03 9.501288644742089673e-13
4.803658491727512587e-03 9.394707234378074645e-13
4.789013191447855783e-03 9.272582701669307426e-13
4.774456920349229826e-03 9.185985305748545215e-13
4.759988869075444141e-03 9.057199434892027057e-13
4.745608238051046875e-03 8.930634010084759211e-13
4.731314237334026049e-03 8.857359290459498879e-13
4.717106086471160517e-03 8.744116541947732912e-13
4.702983014355977334e-03 8.633094239485217258e-13
4.688944259089243560e-03 8.533174167268953170e-13
4.674989067841954331e-03 8.431033649003438768e-13
4.661116696720761683e-03 8.306688670245421235e-13
4.647326410635788628e-03 8.240075288767911843e-13
4.633617483170785964e-03 8.126832540256145876e-13
4.619989196455578061e-03 8.033573806187632727e-13
4.606440841040752507e-03 7.946976410266870516e-13
4.592971715774551121e-03 7.864819906444608932e-13
4.579581127681913756e-03 7.764899834228344844e-13
4.566268391845629791e-03 7.649436639667328564e-13
4.553032831289554813e-03 7.578382366091318545e-13
4.539873776863862995e-03 7.482903185973555082e-13
4.526790567132266650e-03 7.391864897954292246e-13
4.513782548261196896e-03 7.329692408575283480e-13
4.500849073910878628e-03 7.251976796851522522e-13
4.487989505128275533e-03 7.154277170684508746e-13
4.475203210241870434e-03 7.067679774763746536e-13
4.462489564758228937e-03 6.992184609089235892e-13
4.449847951260329885e-03 6.914468997365474934e-13
4.437277759307617538e-03 6.830092047493963037e-13
4.424778385337736417e-03 6.747935543671701453e-13
4.412349232569934103e-03 6.674660824046441121e-13
4.399989710910074715e-03 6.610267888618182042e-13
4.387699236857252674e-03 6.534772722943671397e-13
4.375477233411967717e-03 6.459277557269160752e-13
4.363323129985823869e-03 6.394884621840901673e-13
4.351236362312733280e-03 6.330491686412642593e-13
4.339216372361592855e-03 6.259437412836632575e-13
4.327262608250404159e-03 6.197264923457623809e-13
4.315374524161803664e-03 6.104006189389110659e-13
4.303551580259990308e-03 6.037392807911601267e-13
4.291793242609007013e-03 5.997424779025095631e-13
4.280098983092361399e-03 5.910827383104333421e-13
4.268468279333957963e-03 5.837552663479073090e-13
4.256900614620315673e-03 5.790923296444816515e-13
4.245395477824044986e-03 5.739853037312059314e-13
4.233952363328562576e-03 5.664357871637548669e-13
4.222570770954022987e-03 5.599964936209289590e-13
4.211250205884441156e-03 5.553335569175033015e-13
4.199990178595979819e-03 5.493383525845274562e-13
4.188790204786390498e-03 5.437872374614016735e-13
4.177649805305575989e-03 5.362377208939506090e-13
4.166568506087258740e-03 5.333511410299252020e-13
4.155545838081736894e-03 5.271338920920243254e-13
4.144581337189700253e-03 5.202505093393483548e-13
4.133674544197096616e-03 5.146993942162225721e-13
4.122825004711014665e-03 5.091482790930967894e-13
4.112032269096587735e-03 5.051514762044462259e-13
4.101295892414873363e-03 4.984901380566952867e-13
4.090615434361709497e-03 4.931610675384945353e-13
4.079990459207523922e-03 4.880540416252188152e-13
4.069420535738074371e-03 4.813927034774678759e-13
4.058905237196114985e-03 4.787281682183675002e-13
4.048444141223960478e-03 4.740652315149418428e-13
4.038036829806932425e-03 4.700684286262912792e-13
4.027682889217683304e-03 4.647393581080905278e-13
4.017381909961372302e-03 4.589661983800397138e-13
4.007133486721674645e-03 4.556355293061642442e-13
3.996937218307624468e-03 4.487521465534882736e-13
3.986792707601259991e-03 4.460876112943878979e-13
3.976699561506067543e-03 4.405364961712621152e-13
3.966657390896203596e-03 4.358735594678364578e-13
3.956665810566490499e-03 4.323208457890359568e-13
3.946724439183157268e-03 4.267697306659101741e-13
3.936832899235329780e-03 4.229949723821846419e-13
3.926990816987241742e-03 4.212186155427843914e-13
3.917197822431163837e-03 4.141131881851833896e-13
3.907453549241036300e-03 4.110045637162329513e-13
3.897757634726790616e-03 4.081179838522075443e-13
3.888109719789347753e-03 4.027889133340067929e-13
3.878509448876287739e-03 3.967937090010309475e-13
3.868956469938168892e-03 3.952393967665557284e-13
3.859450434385495402e-03 3.905764600631300709e-13
3.849990997046315051e-03 3.863576125695544761e-13
3.840577816124441431e-03 3.828048988907539751e-13
3.831210553158284193e-03 3.816946758661288186e-13
3.821888872980283396e-03 3.761435607430030359e-13
3.812612443676933246e-03 3.723688024592775037e-13
3.803380936549386523e-03 3.692601779903270653e-13
3.794194026074629300e-03 3.668176873361517210e-13
3.785051389867220752e-03 3.623767952376510948e-13
3.775952708641578098e-03 3.599343045834757504e-13
3.766897666174811882e-03 3.561595462997502182e-13
3.757885949270087320e-03 3.534950110406498425e-13
3.748917247720516890e-03 3.477218513125990285e-13
3.739991254273563378e-03 3.455014052633487154e-13
3.731107664595953791e-03 3.426148253993233084e-13
3.722266177239091575e-03 3.390621117205228074e-13
3.713466493604956290e-03 3.359534872515723691e-13
3.704708317912492038e-03 3.330669073875469621e-13
3.695991357164462535e-03 3.290701044988963986e-13
3.687315321114780636e-03 3.244071677954707411e-13
3.678679922236291911e-03 3.219646771412953967e-13
3.670084875689010560e-03 3.224087663511454593e-13
3.661529899288803319e-03 3.166356066230946453e-13
3.653014713476503573e-03 3.141931159689193009e-13
3.644539041287463057e-03 3.115285807098189252e-13
3.636102608321519890e-03 3.070876886113182991e-13
3.627705142713386847e-03 3.075317778211683617e-13
3.619346375103448150e-03 3.035349749325177982e-13
3.611026038608957430e-03 2.997602166487922659e-13
3.602743868795634224e-03 2.968736367847668589e-13
3.594499603649649062e-03 2.939870569207414519e-13
3.586292983549992357e-03 2.928768338961162954e-13
3.578123751241222335e-03 2.893241202173157944e-13
3.569991651806582889e-03 2.857714065385152935e-13
3.561896432641488766e-03 2.839950496991150430e-13
3.553837843427367672e-03 2.804423360203145421e-13
3.545815636105861465e-03 2.775557561562891351e-13
3.537829564853370821e-03 2.762234885267389473e-13
3.529879386055947282e-03 2.731148640577885089e-13
3.521964858284521403e-03 2.717825964282383211e-13
3.514085742270462234e-03 2.686739719592878828e-13
3.506241800881465531e-03 2.686739719592878828e-13
3.498432799097765059e-03 2.635669460460121627e-13
3.490658503988659182e-03 2.629008122312370688e-13
3.482918684689349266e-03 2.586819647376614739e-13
3.475213112378089907e-03 2.582378755278114113e-13
3.467541560253634917e-03 2.542410726391608478e-13
3.459903803512988200e-03 2.526867604046856286e-13
3.452299619329443018e-03 2.500222251455852529e-13
3.444728786830913558e-03 2.480238237012599711e-13
3.437191087078548396e-03 2.458033776520096580e-13
3.429686303045625852e-03 2.444711100224594702e-13
3.422214219596724730e-03 2.413624855535090319e-13
3.414774623467166544e-03 2.389199948993336875e-13
3.407367303242725756e-03 2.371436380599334370e-13
3.399992049339602834e-03 2.351452366156081553e-13
3.392648653984657939e-03 2.340350135909829987e-13
3.385336911195897889e-03 2.313704783318826230e-13
3.378056616763218563e-03 2.291500322826323099e-13
3.370807568229391895e-03 2.282618538629321847e-13
3.363589564871298770e-03 2.262634524186069029e-13
3.356402407681403043e-03 2.229327833447314333e-13
3.349245899349459748e-03 2.240430063693565899e-13
3.342119844244460965e-03 2.202682480856310576e-13
3.335024048396808063e-03 2.191580250610059011e-13
3.327958319480712936e-03 2.169375790117555880e-13
3.320922466796821272e-03 2.153832667772803688e-13
3.313916301255056141e-03 2.113864638886298053e-13
3.306939635357677119e-03 2.118305530984798679e-13
3.299992283182555820e-03 2.100541962590796174e-13
3.293074060366659589e-03 2.069455717901291791e-13
3.286184784089741639e-03 2.053912595556539600e-13
3.279324273058239342e-03 2.045030811359538347e-13
3.272492347489367685e-03 2.011724120620783651e-13
3.265688829095419153e-03 2.005062782473032712e-13
3.258913541068250101e-03 1.996180998276031460e-13
3.252166308063967910e-03 1.971756091734278016e-13
3.245446956187802903e-03 1.965094753586527077e-13
3.238755312979168036e-03 1.956212969389525824e-13
3.232091207396906377e-03 1.909583602355269250e-13
3.225454469804715524e-03 1.902922264207518310e-13
3.218844931956755043e-03 1.898481372109017684e-13
3.212262426983428665e-03 1.874056465567264240e-13
3.205706789377339976e-03 1.862954235321012675e-13
3.199177854979422860e-03 1.860733789271762362e-13
3.192675460965236755e-03 1.849631559025510796e-13
3.186199445831433205e-03 1.789679515695752343e-13
3.179749649382381579e-03 1.805222638040504535e-13
3.173325912716962616e-03 1.789679515695752343e-13
3.166928078215517240e-03 1.791899961745002656e-13
3.160555989526954955e-03 1.758593271006247960e-13
3.154209491556017077e-03 1.738609256562995142e-13
3.147888430450694348e-03 1.751931932858497021e-13
3.141592653589793307e-03 1.705302565824240446e-13
3.135322009570651845e-03 1.729727472365993890e-13
