5.000000000000000000e-01 1.682076014112863227e-01
4.000000000000000222e-01 4.226257649265052763e-02
3.333333333333333148e-01 2.397608249993461449e-01
2.857142857142856984e-01 5.202366788577794665e-02
2.500000000000000000e-01 8.344229965495442158e-02
2.222222222222222099e-01 3.538447245912301753e-02
2.000000000000000111e-01 1.398703257700626423e-01
1.818181818181818232e-01 3.193552323766457590e-02
1.666666666666666574e-01 5.557758209357510637e-02
1.538461538461538547e-01 2.479748634151590636e-02
1.428571428571428492e-01 9.860550130425327353e-02
1.333333333333333315e-01 2.306309417463170419e-02
1.250000000000000000e-01 4.167369263729669981e-02
1.176470588235294101e-01 1.909639607785029725e-02
1.111111111111111049e-01 7.611923124613984015e-02
1.052631578947368363e-01 1.805468540870558414e-02
1.000000000000000056e-01 3.333622198240693280e-02
9.523809523809523281e-02 1.553009776986469248e-02
9.090909090909091161e-02 6.197788231115541890e-02
8.695652173913043237e-02 1.483547219792358263e-02
8.333333333333332871e-02 2.777917367949145344e-02
8.000000000000000167e-02 1.308755439427100598e-02
7.692307692307692735e-02 5.226537760721283732e-02
7.407407407407406996e-02 1.259137914573793537e-02
7.142857142857142461e-02 2.381027820917180904e-02
6.896551724137930939e-02 1.130951448415373761e-02
6.666666666666666574e-02 4.518356700840220341e-02
6.451612903225806273e-02 1.093739061872112117e-02
6.250000000000000000e-02 2.083377590152890591e-02
6.060606060606060774e-02 9.957111065204582445e-03
5.882352941176470507e-02 3.979140641568212899e-02
5.714285714285714107e-02 9.667690339022705359e-03
5.555555555555555247e-02 1.851879496285935289e-02
5.405405405405405705e-02 8.893768543433377971e-03
5.263157894736841813e-02 3.554877089147057134e-02
5.128205128205128027e-02 8.662238998637050713e-03
5.000000000000000278e-02 1.666684811279584011e-02
4.878048780487805047e-02 8.035720795808831696e-03
4.761904761904761640e-02 3.212353919129240509e-02
4.651162790697674354e-02 7.846292623722384008e-03
4.545454545454545581e-02 1.515163911755434967e-02
4.444444444444444614e-02 7.328727780205657183e-03
4.347826086956521618e-02 2.930027414151537002e-02
4.255319148936170109e-02 7.170874591139408949e-03
4.166666666666666435e-02 1.388897643646691549e-02
4.081632653061224164e-02 6.736115985933377459e-03
4.000000000000000083e-02 2.693312343580611667e-02
3.921568627450980338e-02 6.602550486930702789e-03
3.846153846153846367e-02 1.282057639313993747e-02
3.773584905660377214e-02 6.232197766502078906e-03
3.703703703703703498e-02 2.491982741841791693e-02
3.636363636363636187e-02 6.117714917731831292e-03
3.571428571428571230e-02 1.190480917529423976e-02
3.508771929824561209e-02 5.798443384028129088e-03
3.448275862068965469e-02 2.318656658174544916e-02
3.389830508474576259e-02 5.699226279284541619e-03
3.333333333333333287e-02 1.111114698556159297e-02
3.278688524590164105e-02 5.421149683246806461e-03
3.225806451612903136e-02 2.167871800221510270e-02
3.174603174603174427e-02 5.334335729071604248e-03
3.125000000000000000e-02 1.041669438131487269e-02
3.076923076923077094e-02 5.089964374262567759e-03
3.030303030303030387e-02 2.035499665806650427e-02
2.985074626865671585e-02 5.013364588522861709e-03
2.941176470588235253e-02 9.803943316958996235e-03
2.898550724637681195e-02 4.796920636031209995e-03
2.857142857142857054e-02 1.918361881827879145e-02
2.816901408450704289e-02 4.728832518886338931e-03
2.777777777777777624e-02 9.259276563744034405e-03
2.739726027397260122e-02 4.535787344043473723e-03
2.702702702702702853e-02 1.813971762317523329e-02
2.666666666666666838e-02 4.474866846104319507e-03
2.631578947368420907e-02 8.771943764382950093e-03
2.597402597402597574e-02 4.301620740316813851e-03
2.564102564102564014e-02 1.720355867524014926e-02
2.531645569620253125e-02 4.246792643018526547e-03
2.500000000000000139e-02 8.333344687917243476e-03
2.469135802469135665e-02 4.090448257374479368e-03
2.439024390243902524e-02 1.635928091004279494e-02
2.409638554216867595e-02 4.040842160764057667e-03
2.380952380952380820e-02 7.936517278314791923e-03
2.352941176470588203e-02 3.899041172210182538e-03
2.325581395348837177e-02 1.559399079256840182e-02
2.298850574712643646e-02 3.853944941861531248e-03
2.272727272727272790e-02 7.575765331653716572e-03
2.247191011235954994e-02 3.724748273461919723e-03
2.222222222222222307e-02 1.489709934000682523e-02
2.197802197802197974e-02 3.683573632507819440e-03
2.173913043478260809e-02 7.246383304274850445e-03
2.150537634408602322e-02 3.565372254769716420e-03
2.127659574468085055e-02 1.425982927574276360e-02
2.105263157894736795e-02 3.527628978523544845e-03
2.083333333333333218e-02 6.944449920925244157e-03
2.061855670103092744e-02 3.419076554589395300e-03
2.040816326530612082e-02 1.353604088342752476e-02
2.020202020202020374e-02 3.384352858857742063e-03
2.000000000000000042e-02 6.666671318202865848e-03
1.980198019801980222e-02 3.284314237455898677e-03
1.960784313725490169e-02 1.313596121953741758e-02
1.941747572815533812e-02 3.252261692920033198e-03
1.923076923076923184e-02 6.410260386489508022e-03
1.904761904761904934e-02 3.159773062952897504e-03
1.886792452830188607e-02 1.263793905310262033e-02
1.869158878504672758e-02 3.130094862104915165e-03
1.851851851851851749e-02 6.172842925320942697e-03
1.834862385321101019e-02 3.044332600577792647e-03
1.818181818181818094e-02 1.217629957629773330e-02
1.801801801801801786e-02 3.016774339041905506e-03
1.785714285714285615e-02 5.952383908676583957e-03
1.769911504424778736e-02 2.937030417164088192e-03
1.754385964912280604e-02 1.174719649765609830e-02
1.739130434782608717e-02 2.911372782434362705e-03
1.724137931034482735e-02 5.747129005959639159e-03
1.709401709401709574e-02 2.837035173754998141e-03
1.694915254237288130e-02 1.134730722109944523e-02
1.680672268907562952e-02 2.813088096256688431e-03
1.666666666666666644e-02 5.555557798956112237e-03
1.652892561983471120e-02 2.743625038862607113e-03
1.639344262295082053e-02 1.097374665134642768e-02
1.626016260162601798e-02 2.721222975133663624e-03
1.612903225806451568e-02 5.376346053682645731e-03
1.600000000000000033e-02 2.656170231464027864e-03
1.587301587301587213e-02 1.062399748054110304e-02
1.574803149606299191e-02 2.635168331781123641e-03
1.562500000000000000e-02 5.208335066346325704e-03
1.550387596899224785e-02 2.574118800427349640e-03
1.538461538461538547e-02 1.029585339307148573e-02
1.526717557251908337e-02 2.554389773258503027e-03
1.515151515151515194e-02 5.050506582827463120e-03
1.503759398496240518e-02 2.496984961315007467e-03
1.492537313432835792e-02 9.987372479559830651e-03
1.481481481481481538e-02 2.478416491121127052e-03
1.470588235294117627e-02 4.901962144173044322e-03
1.459854014598540098e-02 2.424339469576874961e-03
1.449275362318840597e-02 9.696838781334538027e-03
1.438848920863309427e-02 2.406832077308962425e-03
1.428571428571428527e-02 4.761905972896052219e-03
1.418439716312056703e-02 2.355801627052400704e-03
1.408450704225352144e-02 9.422730356710484756e-03
1.398601398601398600e-02 2.339266887243063309e-03
1.388888888888888812e-02 4.629630711578069935e-03
1.379310344827586188e-02 2.291032607356413564e-03
1.369863013698630061e-02 9.163692614158502892e-03
1.360544217687074779e-02 2.275391654333880354e-03
1.351351351351351426e-02 4.504505474149489430e-03
1.342281879194630843e-02 2.229729853058248779e-03
1.333333333333333419e-02 8.918515926068071309e-03
1.324503311258278145e-02 2.214912123039258773e-03
1.315789473684210453e-02 4.385965783822332043e-03
1.307189542483660170e-02 2.171622349091517634e-03
1.298701298701298787e-02 8.686116742304239580e-03
1.290322580645161289e-02 2.157564515802068428e-03
1.282051282051282007e-02 4.273505059040338949e-03
1.273885350318471402e-02 2.116466616569834258e-03
1.265822784810126563e-02 8.465521581483947955e-03
1.257861635220125854e-02 2.103111686527991964e-03
1.250000000000000069e-02 4.166667376551025370e-03
1.242236024844720413e-02 2.064043302091977949e-03
1.234567901234567833e-02 8.255853401065937902e-03
1.226993865030674875e-02 2.051339842298105509e-03
1.219512195121951262e-02 4.065041293530136102e-03
1.212121212121212120e-02 2.014154261755329856e-03
1.204819277108433798e-02 8.056319943818390783e-03
1.197604790419161749e-02 2.002055737705621397e-03
1.190476190476190410e-02 3.968254552282335368e-03
1.183431952662721866e-02 1.966620058126533621e-03
1.176470588235294101e-02 7.866203734256949076e-03
1.169590643274853736e-02 1.955084264208650779e-03
1.162790697674418589e-02 3.875969523817524021e-03
1.156069364161849654e-02 1.921277803523135930e-03
1.149425287356321823e-02 7.684853458754581368e-03
1.142857142857142856e-02 1.910266371083491066e-03
1.136363636363636395e-02 3.787879272748373438e-03
1.129943502824858753e-02 1.877979294973464164e-03
1.123595505617977497e-02 7.511676511075204843e-03
1.117318435754189980e-02 1.867457265976479874e-03
1.111111111111111154e-02 3.703704146890807181e-03
1.104972375690607689e-02 1.836589395813881254e-03
1.098901098901098987e-02 7.346132523578408069e-03
1.092896174863387977e-02 1.826524852117206166e-03
1.086956521739130405e-02 3.623188811685995603e-03
1.081081081081081141e-02 1.796984626736275459e-03
1.075268817204301161e-02 7.187727735291193909e-03
1.069518716577540045e-02 1.787348366684149426e-03
1.063829787234042527e-02 3.546099663213286846e-03
1.058201058201058142e-02 1.759051935276811918e-03
1.052631578947368397e-02 7.036010073238951890e-03
1.047120418848167603e-02 1.749817190733971017e-03
1.041666666666666609e-02 3.472222564576465942e-03
1.036269430051813510e-02 1.722687617984330899e-03
1.030927835051546372e-02 6.890564843792024163e-03
1.025641025641025640e-02 1.713829806007094447e-03
1.020408163265306041e-02 3.401360228965977228e-03
1.015228426395939007e-02 1.687796373553762663e-03
1.010101010101010187e-02 6.751010947582791744e-03
1.005025125628140718e-02 1.679292877868387990e-03
1.000000000000000021e-02 3.333333624113254956e-03
9.950248756218905283e-03 1.654290468774188838e-03
9.900990099009901110e-03 6.616997545216385390e-03
9.852216748768473017e-03 1.646120446960885886e-03
9.803921568627450844e-03 3.267974124844919004e-03
9.756097560975609748e-03 1.622089001882986992e-03
9.708737864077669061e-03 6.456782706382391268e-03
9.661835748792270070e-03 1.614233214814575490e-03
9.615384615384615918e-03 3.205128453690253565e-03
9.569377990430621636e-03 1.591117250337781286e-03
9.523809523809524669e-03 6.364322832327129476e-03
9.478672985781991245e-03 1.583557910915356359e-03
9.433962264150943036e-03 3.144654318376627344e-03
9.389671361502347630e-03 1.561306091895531267e-03
9.345794392523363789e-03 6.215972908673261799e-03
9.302325581395348708e-03 1.554026730604007867e-03
9.259259259259258745e-03 3.086419966819242688e-03
9.216589861751152066e-03 1.532591489593837508e-03
9.174311926605505096e-03 6.130235369843806126e-03
9.132420091324200406e-03 1.525576834720432373e-03
9.090909090909090468e-03 3.030303228911623847e-03
9.049773755656109406e-03 1.504914032540938251e-03
9.009009009009008931e-03 6.019532506207792011e-03
8.968609865470851886e-03 1.498149903220724610e-03
8.928571428571428076e-03 2.976190660988198289e-03
8.888888888888888881e-03 1.478218525575947240e-03
8.849557522123893682e-03 5.912756956371278960e-03
8.810572687224670421e-03 1.471691736110614102e-03
8.771929824561403022e-03 2.923976780354387017e-03
8.733624454148471161e-03 1.452453621859639554e-03
8.695652173913043584e-03 5.809703374725749825e-03
8.658008658008658001e-03 1.446151895918568187e-03
8.620689655172413673e-03 2.873563378989363315e-03
8.583690987124463490e-03 1.427571493218593446e-03
8.547008547008547868e-03 5.710180486107496733e-03
8.510638297872340566e-03 1.421483386775612701e-03
8.474576271186440649e-03 2.824858907045868506e-03
8.438818565400843172e-03 1.403527533813786476e-03
8.403361344537814762e-03 5.614009900951177912e-03
8.368200836820082963e-03 1.397642365787987728e-03
8.333333333333333218e-03 2.777777918010038150e-03
8.298755186721991708e-03 1.380280093257191254e-03
8.264462809917355601e-03 5.521025048194072582e-03
8.230452674897120041e-03 1.374587882972289066e-03
8.196721311475410263e-03 2.732240568418919935e-03
8.163265306122449716e-03 1.357790235824385405e-03
8.130081300813008990e-03 5.431070212483124493e-03
8.097165991902834092e-03 1.352281646529895909e-03
8.064516129032257841e-03 2.688172166005919905e-03
8.032128514056224161e-03 1.336021522827746111e-03
8.000000000000000167e-03 5.343999664007448303e-03
7.968127490039840499e-03 1.330687810588759845e-03
7.936507936507936067e-03 2.645502760872719961e-03
7.905138339920948082e-03 1.314939815601157136e-03
7.874015748031495954e-03 5.259676870697393980e-03
7.843137254901960675e-03 1.309772782982498995e-03
7.812500000000000000e-03 2.604166774993199596e-03
7.782101167315175205e-03 1.294513096840255173e-03
7.751937984496123923e-03 5.177973783865308377e-03
7.722007722007722189e-03 1.289505050868555713e-03
7.692307692307692735e-03 2.564102665915779511e-03
7.662835249042145198e-03 1.274711308344222971e-03
7.633587786259541687e-03 5.098770189381873763e-03
7.604562737642585508e-03 1.269855022295374170e-03
7.575757575757575968e-03 2.525252621034201894e-03
7.547169811320754776e-03 1.255506203434730850e-03
7.518796992481202590e-03 5.021953117530397748e-03
7.490636704119850268e-03 1.250794882033279265e-03
7.462686567164178962e-03 2.487562279244848185e-03
7.434944237918215265e-03 1.236871212503043438e-03
7.407407407407407690e-03 4.947416305389307212e-03
7.380073800738007166e-03 1.232298460199565682e-03
7.352941176470588133e-03 2.450980477157749249e-03
7.326007326007326001e-03 1.218781320369011212e-03
7.299270072992700489e-03 4.875059706404005766e-03
7.272727272727272721e-03 1.214341112375727505e-03
7.246376811594202987e-03 2.415459017377497020e-03
7.220216606498195203e-03 1.201212954245356457e-03
7.194244604316547137e-03 4.804789042374135732e-03
7.168458781362007162e-03 1.196899610047985618e-03
7.142857142857142634e-03 2.380952456646934223e-03
7.117437722419928461e-03 1.184143881244992258e-03
7.092198581560283516e-03 4.736515393623186299e-03
7.067137809187279060e-03 1.179952040363474453e-03
7.042253521126760722e-03 2.347417911895188780e-03
7.017543859649122938e-03 1.167553114520103463e-03
6.993006993006993001e-03 4.670154823636973873e-03
6.968641114982578391e-03 1.163477714280602981e-03
6.944444444444444059e-03 2.314814882443005928e-03
6.920415224913495020e-03 1.151420827172344730e-03
6.896551724137930939e-03 4.605628034805242521e-03
6.872852233676975814e-03 1.147457082310676668e-03
6.849315068493150305e-03 2.283105086829717578e-03
6.825938566552901092e-03 1.135728273200964367e-03
6.802721088435373896e-03 4.542860052318520303e-03
6.779661016949152345e-03 1.131871657117589081e-03
6.756756756756757132e-03 2.252252312861635630e-03
6.734006734006733712e-03 1.120457714843592356e-03
6.711409395973154217e-03 4.481779933567686669e-03
6.688963210702341018e-03 1.116703942360075530e-03
6.666666666666667095e-03 2.222222279663288447e-03
6.644518272425249325e-03 1.105592355683526762e-03
6.622516556291390723e-03 4.422320500665488652e-03
6.600660066006600740e-03 1.101937367157468373e-03
6.578947368421052266e-03 2.192982510616392489e-03
6.557377049180327863e-03 1.091116279020809543e-03
6.535947712418300852e-03 4.364418094000566128e-03
6.514657980456026350e-03 1.087556225702446255e-03
6.493506493506493935e-03 2.164502216203789686e-03
6.472491909385113575e-03 1.077014391024366802e-03
6.451612903225806446e-03 4.308012344875766786e-03
6.430868167202572275e-03 1.073545621538052330e-03
6.410256410256410034e-03 2.136752185852408559e-03
6.389776357827475772e-03 1.063272368231338305e-03
6.369426751592357008e-03 4.253045965573409859e-03
6.349206349206349201e-03 1.059891416083758031e-03
6.329113924050632813e-03 2.109704688010971552e-03
6.309148264984226935e-03 1.049876609023669971e-03
6.289308176100629269e-03 4.199464555276311017e-03
6.269592476489027968e-03 1.046580181044642899e-03
6.250000000000000347e-03 2.083333377705276490e-03
6.230529595015576148e-03 1.036814188710710738e-03
6.211180124223602064e-03 4.134357078480199732e-03
6.191950464396285200e-03 1.033599154356856786e-03
6.172839506172839164e-03 2.057613210944442272e-03
6.153846153846153841e-03 1.024072817943810776e-03
6.134969325153374377e-03 4.096252408667844236e-03
6.116207951070336442e-03 1.020936199385147347e-03
6.097560975609756309e-03 2.032520365401691009e-03
6.079027355623100280e-03 1.011640804146729522e-03
6.060606060606060601e-03 4.046525754036078837e-03
6.042296072507552865e-03 1.008579767061590360e-03
6.024096385542168988e-03 2.008032166810558294e-03
6.006006006006005954e-03 9.995070157238217234e-04
5.988023952095808747e-03 3.997991934407529868e-03
5.970149253731343343e-03 9.965188607599095860e-04
5.952380952380952051e-03 1.984127020631554217e-03
5.934718100890207931e-03 9.876608488208482584e-04
5.917159763313609329e-03 3.950608538259015035e-03
5.899705014749262455e-03 9.847430036549198462e-04
5.882352941176470507e-03 1.960784348541633193e-03
5.865102639296187678e-03 9.760921964105939708e-04
5.847953216374268681e-03 3.904335141114767538e-03
5.830903790087463463e-03 9.732422083637004562e-04
5.813953488372092943e-03 1.937984529349456864e-03
5.797101449275362389e-03 9.647914195358708866e-04
5.780346820809248269e-03 3.859133190523333923e-03
5.763688760806916049e-03 9.620069486948601423e-04
5.747126436781609116e-03 1.915708843985175491e-03
5.730659025787965440e-03 9.537493205202807189e-04
5.714285714285714281e-03 3.814965898932154431e-03
5.698005698005698290e-03 9.510281333344750010e-04
5.681818181818181976e-03 1.893939424246315895e-03
5.665722379603399701e-03 9.429571180064044711e-04
5.649717514124293766e-03 3.771798143838545059e-03
5.633802816901408751e-03 9.402970813074951195e-04
5.617977528089887485e-03 1.872659204997351168e-03
5.602240896358543464e-03 9.324064236548856854e-04
5.586592178770949900e-03 3.729596374640653522e-03
5.571030640668523694e-03 9.298054990853898971e-04
5.555555555555555768e-03 1.851851879553390035e-03
5.540166204986149597e-03 9.220892204089281563e-04
5.524861878453038444e-03 3.688328525668360669e-03
5.509641873278237068e-03 9.195454592090257506e-04
5.494505494505494934e-03 1.831501858005957217e-03
5.479452054794520591e-03 9.119978421745500441e-04
5.464480874316939886e-03 3.647963934940268160e-03
5.449591280653950758e-03 9.095093803135334554e-04
5.434782608695652023e-03 1.811594228267932039e-03
5.420054200542005415e-03 9.021249548202270319e-04
5.405405405405405705e-03 3.608473268172485149e-03
5.390835579514825088e-03 8.996900084388137486e-04
5.376344086021505805e-03 1.792114719637361020e-03
5.361930294906166322e-03 8.924635384044421471e-04
5.347593582887700224e-03 3.560296329486067890e-03
5.333333333333333155e-03 8.900803995568473681e-04
5.319148936170212637e-03 1.773049668668758017e-03
5.305039787798408214e-03 8.830068705267812845e-04
5.291005291005290712e-03 3.532002585880711365e-03
5.277044854881266303e-03 8.806739031781418703e-04
5.263157894736841987e-03 1.754385987226658727e-03
5.249343832020997302e-03 8.737485107319642452e-04
5.235602094240838014e-03 3.494969922739787904e-03
5.221932114882506595e-03 8.714641470146666791e-04
5.208333333333333044e-03 1.736111132509599031e-03
5.194805194805194801e-03 8.646822858748848262e-04
5.181347150259067551e-03 3.458705767433123413e-03
5.167958656330749571e-03 8.624450225807045456e-04
5.154639175257731860e-03 1.718213078949037964e-03
5.141388174807197571e-03 8.558022764040273955e-04
5.128205128205128201e-03 3.423186443376469157e-03
5.115089514066496583e-03 8.536106716765523572e-04
5.102040816326530205e-03 1.700680252404662696e-03
5.089058524173028369e-03 8.471028034677807739e-04
5.076142131979695035e-03 3.379800272627075941e-03
5.063291139240506424e-03 8.449554737075537503e-04
5.050505050505050934e-03 1.683501702422596225e-03
5.037783375314861326e-03 8.385784167956877866e-04
5.025125628140703592e-03 3.354292347716114620e-03
5.012531328320801727e-03 8.364740337527543090e-04
5.000000000000000104e-03 1.666666684841722201e-03
4.987531172069825311e-03 8.302238833284292241e-04
4.975124378109452641e-03 3.320874845579080414e-03
4.962779156327543420e-03 8.281611713498726601e-04
4.950495049504950555e-03 1.650165033967532224e-03
4.938271604938271504e-03 8.220341764886285318e-04
4.926108374384236509e-03 3.288116625237869073e-03
4.914004914004913883e-03 8.200119099504021847e-04
4.901960784313725422e-03 1.633986944895138294e-03
4.889975550122249368e-03 8.140044661018031036e-04
4.878048780487804874e-03 3.255998367195367393e-03
4.866180048661800615e-03 8.120214669795622342e-04
4.854368932038834530e-03 1.618122961198675824e-03
4.842615012106537761e-03 8.061301089017369748e-04
4.830917874396135035e-03 3.224501499504039970e-03
4.819277108433735364e-03 8.041852444744534978e-04
4.807692307692307959e-03 1.602564118100335833e-03
4.796163069544364180e-03 7.984066395652078540e-04
4.784688995215310818e-03 3.193608161947913970e-03
4.773269689737470386e-03 7.964988202688871866e-04
4.761904761904762334e-03 1.587301602254509447e-03
4.750593824228028714e-03 7.908297622813975636e-04
4.739336492890995622e-03 3.163301172274923800e-03
4.728132387706855677e-03 7.889579396658241706e-04
4.716981132075471518e-03 1.572327058421141288e-03
4.705882352941176058e-03 7.833953427711648487e-04
4.694835680751173815e-03 3.133563994327293045e-03
4.683840749414519902e-03 7.815585075796604997e-04
4.672897196261681894e-03 1.557632384888485433e-03
4.662004662004662001e-03 7.760994007779409287e-04
4.651162790697674354e-03 3.104380707958931396e-03
4.640371229698375677e-03 7.742965811337043647e-04
4.629629629629629373e-03 1.543209889901753229e-03
4.618937644341801312e-03 7.689381029485353736e-04
4.608294930875576033e-03 3.075735980617277932e-03
4.597701149425287293e-03 7.671683626417902246e-04
4.587155963302752548e-03 1.529052000643904563e-03
4.576659038901601841e-03 7.619077561287213030e-04
4.566210045662100203e-03 3.047615040476792103e-03
4.555808656036446254e-03 7.601701929926818480e-04
4.545454545454545234e-03 1.515151527564650991e-03
4.535147392290249553e-03 7.550048010038779012e-04
4.524886877828054703e-03 3.020003651041047732e-03
4.514672686230247929e-03 7.532985453826412936e-04
4.504504504504504465e-03 1.501501513474057248e-03
4.494382022471910508e-03 7.482258060962365676e-04
4.484304932735425943e-03 2.992888087107736794e-03
4.474272930648769478e-03 7.465500193930552086e-04
4.464285714285714038e-03 1.488095249645216001e-03
4.454342984409799359e-03 7.415674620698808894e-04
4.444444444444444441e-03 2.966255112025972807e-03
4.434589800443458976e-03 7.399213353740385912e-04
4.424778761061946841e-03 1.474926264834586220e-03
4.415011037527593815e-03 7.350265763554908460e-04
4.405286343612335211e-03 2.940091956143309204e-03
4.395604395604395601e-03 7.334093291366805545e-04
4.385964912280701511e-03 1.461988314853890358e-03
4.376367614879649731e-03 7.286000680313264866e-04
4.366812227074235581e-03 2.914386296391846543e-03
4.357298474945534190e-03 7.270109469099672594e-04
4.347826086956521792e-03 1.449275372710001619e-03
4.338394793926247418e-03 7.222849629959782192e-04
4.329004329004329001e-03 2.889126236940153802e-03
4.319654427645788601e-03 7.207232405717078905e-04
4.310344827586206837e-03 1.436781619232885276e-03
4.301075268817204297e-03 7.160783893724875782e-04
4.291845493562231745e-03 2.864300290832400009e-03
4.282655246252676899e-03 7.145433631126074658e-04
4.273504273504273934e-03 1.424501434201363992e-03
4.264392324093816550e-03 7.099775731567170567e-04
4.255319148936170283e-03 2.839897362570731332e-03
4.246284501061571050e-03 7.084685643437005353e-04
4.237288135593220324e-03 1.412429387905422828e-03
4.228329809725158740e-03 7.039798340833236523e-04
4.219409282700421586e-03 2.809972312018960139e-03
4.210526315789473589e-03 7.024961868125068065e-04
4.201680672268907381e-03 1.400560233152159384e-03
4.192872117400419513e-03 6.980825816951252705e-04
4.184100418410041482e-03 2.786482521363264908e-03
4.175365344467640502e-03 6.966236619283527887e-04
4.166666666666666609e-03 1.388888897654094734e-03
4.158004158004158235e-03 6.922833116194127001e-04
4.149377593360995854e-03 2.769121260325579925e-03
4.140786749482401954e-03 6.908485062733227267e-04
4.132231404958677801e-03 1.377410476798068828e-03
4.123711340206185662e-03 6.865796020161241131e-04
4.115226337448560021e-03 2.746306716074453647e-03
4.106776180698152104e-03 6.851683181130496791e-04
4.098360655737705131e-03 1.366120226783618108e-03
4.089979550102249874e-03 6.809691102089843184e-04
4.081632653061224858e-03 2.723865033460004526e-03
4.073319755600814281e-03 6.795807740558323928e-04
4.065040650406504495e-03 1.355013558077988733e-03
4.056795131845841729e-03 6.754495694747397749e-04
4.048582995951417046e-03 2.701787145975576010e-03
4.040404040404040401e-03 6.740836258805060766e-04
4.032258064516128920e-03 1.344086029192670395e-03
4.024144869215292089e-03 6.700187859935979873e-04
4.016064257028112081e-03 2.674688064005614763e-03
4.008016032064127925e-03 6.686746975361756995e-04
4.000000000000000083e-03 1.333333340778786180e-03
