4.000000000000000222e-01 3.003396643060707305e-03
3.333333333333333148e-01 1.466610108380450583e-05
2.857142857142856984e-01 1.554845136147342544e-03
2.500000000000000000e-01 4.680712518023710800e-06
2.222222222222222099e-01 9.462349776874212637e-04
2.000000000000000111e-01 1.924907039096979133e-06
1.818181818181818232e-01 6.353517619577253583e-04
1.666666666666666574e-01 9.303129813176269636e-07
1.538461538461538547e-01 4.556897794714132033e-04
1.428571428571428492e-01 5.028186769173714765e-07
1.333333333333333315e-01 3.426477886261380945e-04
1.250000000000000000e-01 2.949940500762693318e-07
1.176470588235294101e-01 2.669621263384769350e-04
1.111111111111111049e-01 1.842708337029819177e-07
1.052631578947368363e-01 2.138270168603462196e-04
1.000000000000000056e-01 1.209505682275846539e-07
9.523809523809523281e-02 1.751027766916379846e-04
9.090909090909091161e-02 8.263638129335504345e-08
8.695652173913043237e-02 1.460149870085025725e-04
8.333333333333332871e-02 5.836050531726755253e-08
8.000000000000000167e-02 1.236136974545054557e-04
7.692307692307692735e-02 4.237892925473829564e-08
7.407407407407406996e-02 1.059967605661071843e-04
7.142857142857142461e-02 3.151187222272255894e-08
6.896551724137930939e-02 9.189311076385209276e-05
6.666666666666666574e-02 2.391509479338083111e-08
6.451612903225806273e-02 8.042727873913690928e-05
6.250000000000000000e-02 1.847560859857821924e-08
6.060606060606060774e-02 7.098037148267621887e-05
5.882352941176470507e-02 1.449831144029190000e-08
5.714285714285714107e-02 6.310487156513389095e-05
5.555555555555555247e-02 1.153591133729037210e-08
5.405405405405405705e-02 5.647070080971872130e-05
5.263157894736841813e-02 9.292913993874662992e-09
5.128205128205128027e-02 5.083009451789521904e-05
5.000000000000000278e-02 7.569499693715897592e-09
4.878048780487805047e-02 4.599414693151615552e-05
4.761904761904761640e-02 6.227702353811537250e-09
4.651162790697674354e-02 4.181679801451565481e-05
4.545454545454545581e-02 5.170467165527270481e-09
4.444444444444444614e-02 3.818368112051828689e-05
4.347826086956521618e-02 4.328353675475682394e-09
4.255319148936170109e-02 3.500421568070066769e-05
4.166666666666666435e-02 3.650907576258077825e-09
4.081632653061224164e-02 3.220590913954879397e-05
4.000000000000000083e-02 3.100960821456055783e-09
3.921568627450980338e-02 2.973018990370945858e-05
3.846153846153846367e-02 2.650769381773443456e-09
3.773584905660377214e-02 2.752931867400221222e-05
3.703703703703703498e-02 2.279389565984502042e-09
3.636363636363636187e-02 2.556407060883003624e-05
3.571428571428571230e-02 1.970828389374901235e-09
3.508771929824561209e-02 2.380197609808121229e-05
3.448275862068965469e-02 1.712755715033154047e-09
3.389830508474576259e-02 2.221597141316422608e-05
3.333333333333333287e-02 1.495576551491240025e-09
3.278688524590164105e-02 2.078335363320249485e-05
3.225806451612903136e-02 1.311752484411954356e-09
3.174603174603174427e-02 1.948496389347909030e-05
3.125000000000000000e-02 1.155323836599109200e-09
3.076923076923077094e-02 1.830454367457434728e-05
3.030303030303030387e-02 1.021532636258370985e-09
2.985074626865671585e-02 1.722822346827967976e-05
2.941176470588235253e-02 9.065606043634488742e-10
2.898550724637681195e-02 1.624411361023092581e-05
2.857142857142857054e-02 8.073159918353667308e-10
2.816901408450704289e-02 1.534197457830899225e-05
2.777777777777777624e-02 7.212883623708421510e-10
2.739726027397260122e-02 1.451294963006333205e-05
2.702702702702702853e-02 6.464206947498496447e-10
2.666666666666666838e-02 1.374934662967675081e-05
2.631578947368420907e-02 5.810187886368112231e-10
2.597402597402597574e-02 1.304445900984774198e-05
2.564102564102564014e-02 5.236828748422794888e-10
2.531645569620253125e-02 1.239241803441260004e-05
2.500000000000000139e-02 4.732489955472374277e-10
2.469135802469135665e-02 1.178807027324424439e-05
2.439024390243902524e-02 4.287410426684346021e-10
2.409638554216867595e-02 1.122687548038570071e-05
2.380952380952380820e-02 3.893472211302650976e-10
2.352941176470588203e-02 1.070482107667913851e-05
2.325581395348837177e-02 3.543734194977332663e-10
2.298850574712643646e-02 1.021835024239692302e-05
2.272727272727272790e-02 3.232418777088241768e-10
2.247191011235954994e-02 9.764301179604473191e-06
2.222222222222222307e-02 2.954529954024565086e-10
2.197802197802197974e-02 9.339855616019576701e-06
2.173913043478260809e-02 2.705879964537416527e-10
2.150537634408602322e-02 8.942494968522396448e-06
2.127659574468085055e-02 2.482853922458616580e-10
2.105263157894736795e-02 8.569962903326455717e-06
2.083333333333333218e-02 2.282329880642919306e-10
2.061855670103092744e-02 8.220233235878282585e-06
2.040816326530612082e-02 2.101647744723322830e-10
2.020202020202020374e-02 7.891482325383947227e-06
2.000000000000000042e-02 1.938498250808606826e-10
1.980198019801980222e-02 7.582065256972470024e-06
1.960784313725490169e-02 1.790878556562347512e-10
1.941747572815533812e-02 7.290495226630611114e-06
1.923076923076923184e-02 1.657038950497735641e-10
1.904761904761904934e-02 7.015425653733586842e-06
1.886792452830188607e-02 1.535487292869675002e-10
1.869158878504672758e-02 6.755634592181536391e-06
1.851851851851851749e-02 1.424860229803925904e-10
1.834862385321101019e-02 6.510011156812822719e-06
1.818181818181818094e-02 1.324025333815370686e-10
1.801801801801801786e-02 6.277543616928227266e-06
1.785714285714285615e-02 1.231970081505551207e-10
1.769911504424778736e-02 6.057308967299945834e-06
1.754385964912280604e-02 1.147770767317979335e-10
1.739130434782608717e-02 5.848463746627174942e-06
1.724137931034482735e-02 1.070619148890727956e-10
1.709401709401709574e-02 5.650235957332938597e-06
1.694915254237288130e-02 9.998712968695144809e-11
1.680672268907562952e-02 5.461917918836434183e-06
1.666666666666666644e-02 9.348566365474653139e-11
1.652892561983471120e-02 5.282859941946327353e-06
1.639344262295082053e-02 8.750511426569573814e-11
1.626016260162601798e-02 5.112464719125853208e-06
1.612903225806451568e-02 8.199441126066631114e-11
1.600000000000000033e-02 4.950182340035524930e-06
1.587301587301587213e-02 7.691136616472249443e-11
1.574803149606299191e-02 4.795505843535607937e-06
1.562500000000000000e-02 7.221645503818763245e-11
1.550387596899224785e-02 4.647967257742635638e-06
1.538461538461538547e-02 6.787415074427372019e-11
1.526717557251908337e-02 4.507134057973871677e-06
1.515151515151515194e-02 6.385114659224200295e-11
1.503759398496240518e-02 4.372605987956745821e-06
1.492537313432835792e-02 6.012568221080982767e-11
1.481481481481481538e-02 4.244012214993375665e-06
1.470588235294117627e-02 5.666622726607783989e-11
1.459854014598540098e-02 4.121008781776680507e-06
1.449275362318840597e-02 5.345057729755353648e-11
1.438848920863309427e-02 4.003276285136081469e-06
1.428571428571428527e-02 5.046318918289216526e-11
1.418439716312056703e-02 3.890517817684013835e-06
1.408450704225352144e-02 4.767830574792242260e-11
1.398601398601398600e-02 3.782457080436785191e-06
1.388888888888888812e-02 4.508526885160790698e-11
1.379310344827586188e-02 3.678836701048737723e-06
1.369863013698630061e-02 4.266409447950536560e-11
1.360544217687074779e-02 3.579416698151760556e-06
1.351351351351351426e-02 4.040501266899809707e-11
1.342281879194630843e-02 3.483973070927959270e-06
1.333333333333333419e-02 3.829114803011179902e-11
1.324503311258278145e-02 3.392296570314812243e-06
1.315789473684210453e-02 3.631717149232827069e-11
1.307189542483660170e-02 3.304191525277389019e-06
1.298701298701298787e-02 3.446576357646335964e-11
1.290322580645161289e-02 3.219474805860045308e-06
1.282051282051282007e-02 3.273248339041856525e-11
1.273885350318471402e-02 3.137974873723692326e-06
1.265822784810126563e-02 3.110800506078703620e-11
1.257861635220125854e-02 3.059530905513696553e-06
1.250000000000000069e-02 2.957989408969297074e-11
1.242236024844720413e-02 2.983992008154245923e-06
1.234567901234567833e-02 2.814593003108711855e-11
1.226993865030674875e-02 2.911216486989331997e-06
1.219512195121951262e-02 2.679723110077247838e-11
1.212121212121212120e-02 2.841071177872578346e-06
1.204819277108433798e-02 2.552980049586039968e-11
1.197604790419161749e-02 2.773430848979074881e-06
1.190476190476190410e-02 2.433520052136373124e-11
1.183431952662721866e-02 2.708177632371189247e-06
1.176470588235294101e-02 2.321032255281352263e-11
1.169590643274853736e-02 2.645200508410994189e-06
1.162790697674418589e-02 2.214850525206202292e-11
1.156069364161849654e-02 2.584394836802061945e-06
1.149425287356321823e-02 2.114974861910923210e-11
1.142857142857142856e-02 2.525661931596090426e-06
1.136363636363636395e-02 2.020339451291874866e-11
1.129943502824858753e-02 2.468908638419975432e-06
1.123595505617977497e-02 1.931077520112012280e-11
1.117318435754189980e-02 2.414046983201245666e-06
1.111111111111111154e-02 1.846478525635575352e-11
1.104972375690607689e-02 2.360993826222568259e-06
1.098901098901098987e-02 1.766942148151429137e-11
1.092896174863387977e-02 2.309670541045250047e-06
1.086956521739130405e-02 1.691269346792978467e-11
1.081081081081081141e-02 2.260002736065302997e-06
1.075268817204301161e-02 1.619371303718253330e-11
1.069518716577540045e-02 2.211919964967279384e-06
1.063829787234042527e-02 1.551692108137103787e-11
1.058201058201058142e-02 2.165355499350596347e-06
1.052631578947368397e-02 1.487565626234754745e-11
1.047120418848167603e-02 2.120246078707310744e-06
1.041666666666666609e-02 1.426414542038401123e-11
1.036269430051813510e-02 2.076531710137885511e-06
1.030927835051546372e-02 1.368505309073952958e-11
1.025641025641025640e-02 2.034155450747476834e-06
1.020408163265306041e-02 1.313615882736485219e-11
1.015228426395939007e-02 1.993063247329729393e-06
1.010101010101010187e-02 1.261302173816147842e-11
1.005025125628140718e-02 1.953203734750275089e-06
1.000000000000000021e-02 1.211564182312940829e-11
9.950248756218905283e-03 1.914528100499524044e-06
9.900990099009901110e-03 1.164268681463909161e-11
9.852216748768473017e-03 1.876989918603300111e-06
9.803921568627450844e-03 1.119415671269052837e-11
9.756097560975609748e-03 1.840545021725148445e-06
9.708737864077669061e-03 1.076649880360491807e-11
9.661835748792270070e-03 1.805151364830948069e-06
9.615384615384615918e-03 1.035704855212316033e-11
9.569377990430621636e-03 1.770768899511665495e-06
9.523809523809524669e-03 9.967582315084655420e-12
9.478672985781991245e-03 1.737359473175104085e-06
9.433962264150943036e-03 9.597211914069703198e-12
9.389671361502347630e-03 1.704886711362263441e-06
9.345794392523363789e-03 9.243716903029053356e-12
9.302325581395348708e-03 1.673315922712248494e-06
9.259259259259258745e-03 8.904876835913455579e-12
9.216589861751152066e-03 1.642614013697141218e-06
9.174311926605505096e-03 8.582468069562310120e-12
9.132420091324200406e-03 1.612749390478285250e-06
9.090909090909090468e-03 8.273826068716516602e-12
9.049773755656109406e-03 1.583691878526138908e-06
9.009009009009008931e-03 7.979394922585925087e-12
8.968609865470851886e-03 1.555412656450982922e-06
8.928571428571428076e-03 7.699618720380385639e-12
8.888888888888888881e-03 1.527884174290505825e-06
8.849557522123893682e-03 7.430500659211247694e-12
8.810572687224670421e-03 1.501080097110474298e-06
8.771929824561403022e-03 7.174261185127761564e-12
8.733624454148471161e-03 1.474975221515961721e-06
8.695652173913043584e-03 6.926459406031426624e-12
8.658008658008658001e-03 1.449545444565103480e-06
8.620689655172413673e-03 6.690648035601043375e-12
8.583690987124463490e-03 1.424767685165306830e-06
8.547008547008547868e-03 6.464162538577511441e-12
8.510638297872340566e-03 1.400619842328865161e-06
8.474576271186440649e-03 6.250111539429781260e-12
8.438818565400843172e-03 1.377080741882252823e-06
8.403361344537814762e-03 6.040501432380551705e-12
8.368200836820082963e-03 1.354130097386274656e-06
8.333333333333333218e-03 5.841993555577573716e-12
8.298755186721991708e-03 1.331748449739933449e-06
8.264462809917355601e-03 5.652811552181447041e-12
8.230452674897120041e-03 1.309917152081396807e-06
8.196721311475410263e-03 5.471179065352771431e-12
8.163265306122449716e-03 1.288618307615507774e-06
8.130081300813008990e-03 5.293987470622596447e-12
8.097165991902834092e-03 1.267834731866201992e-06
8.064516129032257841e-03 5.125233570879572653e-12
8.032128514056224161e-03 1.247549946459258763e-06
8.000000000000000167e-03 4.964029187703999924e-12
7.968127490039840499e-03 1.227748113397097995e-06
7.936507936507936067e-03 4.807265696626927820e-12
7.905138339920948082e-03 1.208414024400639164e-06
7.874015748031495954e-03 4.657163543697606656e-12
7.843137254901960675e-03 1.189533060053094005e-06
7.812500000000000000e-03 4.513722728916036431e-12
7.782101167315175205e-03 1.171091171148219701e-06
7.751937984496123923e-03 4.373390538603416644e-12
7.722007722007722189e-03 1.153074855597679971e-06
7.692307692307692735e-03 4.241940132487798110e-12
7.662835249042145198e-03 1.135471106472607516e-06
7.633587786259541687e-03 4.112710172421429888e-12
7.604562737642585508e-03 1.118267435096242934e-06
7.575757575757575968e-03 3.990141550502812606e-12
7.547169811320754776e-03 1.101451799101482720e-06
7.518796992481202590e-03 3.871569731472845888e-12
7.490636704119850268e-03 1.085012620638536873e-06
7.462686567164178962e-03 3.756994715331529733e-12
7.434944237918215265e-03 1.068938749515524478e-06
7.407407407407407690e-03 3.646860591288714204e-12
7.380073800738007166e-03 1.053219431224050595e-06
7.352941176470588133e-03 3.542055537764099427e-12
7.326007326007326001e-03 1.037844326035042286e-06
7.299270072992700489e-03 3.441247287128135213e-12
7.272727272727272721e-03 1.022803448158526862e-06
7.246376811594202987e-03 3.339994947282320936e-12
7.220216606498195203e-03 1.008087187504003168e-06
7.194244604316547137e-03 3.247624391633507912e-12
7.168458781362007162e-03 9.936862639392529672e-07
7.142857142857142634e-03 3.153921568355144700e-12
7.117437722419928461e-03 9.795917343957682988e-07
7.092198581560283516e-03 3.065547815594982239e-12
7.067137809187279060e-03 9.657949671115773072e-07
7.042253521126760722e-03 2.979394508884070092e-12
7.017543859649122938e-03 9.522876380785305628e-07
6.993006993006993001e-03 2.896793915851958445e-12
6.968641114982578391e-03 9.390616964033426939e-07
6.944444444444444059e-03 2.817301947288797237e-12
6.920415224913495020e-03 9.261093905088557676e-07
6.896551724137930939e-03 2.740474513984736404e-12
6.872852233676975814e-03 9.134232241692075149e-07
6.849315068493150305e-03 2.666755705149626010e-12
6.825938566552901092e-03 9.009959485162255532e-07
6.802721088435373896e-03 2.595257342363765929e-12
6.779661016949152345e-03 8.888205700330331638e-07
6.756756756756757132e-03 2.525091247207456036e-12
6.734006734006733712e-03 8.768903292377672187e-07
6.711409395973154217e-03 2.458477865729946643e-12
6.688963210702341018e-03 8.651986842522774168e-07
6.666666666666667095e-03 2.393196751881987439e-12
6.644518272425249325e-03 8.537393219043565296e-07
6.622516556291390723e-03 2.328803816453728359e-12
6.600660066006600740e-03 8.425061208683359837e-07
6.578947368421052266e-03 2.270628129963370156e-12
6.557377049180327863e-03 8.314931747577247734e-07
6.535947712418300852e-03 2.209787908213911578e-12
6.514657980456026350e-03 8.206947623712324003e-07
6.493506493506493935e-03 2.156497203031904064e-12
6.472491909385113575e-03 8.101053472486796636e-07
6.451612903225806446e-03 2.099209694961245987e-12
6.430868167202572275e-03 7.997195665687684141e-07
6.410256410256410034e-03 2.045474900569388410e-12
6.389776357827475772e-03 7.895322386985981211e-07
6.369426751592357008e-03 1.992628284597230959e-12
6.349206349206349201e-03 7.795383347719564426e-07
6.329113924050632813e-03 1.945110739143274259e-12
6.309148264984226935e-03 7.697329924560847303e-07
6.289308176100629269e-03 1.896705015269617434e-12
6.269592476489027968e-03 7.601114919708606976e-07
6.250000000000000347e-03 1.846967023766410421e-12
6.230529595015576148e-03 7.506692720760099746e-07
6.211180124223602064e-03 1.803890370410954347e-12
6.191950464396285200e-03 7.414019056461995660e-07
6.172839506172839164e-03 1.756816914166847710e-12
6.153846153846153841e-03 7.323051001151270611e-07
6.134969325153374377e-03 1.715960706860641949e-12
6.116207951070336442e-03 7.233746939228069550e-07
6.097560975609756309e-03 1.673328142715035938e-12
6.079027355623100280e-03 7.146066578478382780e-07
6.060606060606060601e-03 1.634692381458080490e-12
6.042296072507552865e-03 7.059970785761038314e-07
6.024096385542168988e-03 1.594724352571574855e-12
6.006006006006005954e-03 6.975421551480565086e-07
5.988023952095808747e-03 1.557864948154019658e-12
5.970149253731343343e-03 6.892382096168603312e-07
5.952380952380952051e-03 1.519229186897064210e-12
5.934718100890207931e-03 6.810816719493573146e-07
5.917159763313609329e-03 1.482369782479509013e-12
5.899705014749262455e-03 6.730690640388559132e-07
5.882352941176470507e-03 1.449507180950604379e-12
5.865102639296187678e-03 6.651970312354649195e-07
5.847953216374268681e-03 1.415756401001999620e-12
5.830903790087463463e-03 6.574622961608156402e-07
5.813953488372092943e-03 1.382893799473094987e-12
5.797101449275362389e-03 6.498616844652360669e-07
5.780346820809248269e-03 1.352695733203290729e-12
5.763688760806916049e-03 6.423921230513940372e-07
5.747126436781609116e-03 1.320721310094086220e-12
5.730659025787965440e-03 6.350506027708036072e-07
5.714285714285714281e-03 1.293187779083382338e-12
5.698005698005698290e-03 6.278342223886568263e-07
5.681818181818181976e-03 1.260325177554477705e-12
5.665722379603399701e-03 6.207401455071703822e-07
5.649717514124293766e-03 1.235012092593024136e-12
5.633802816901408751e-03 6.137656352045439689e-07
5.617977528089887485e-03 1.205258115533069940e-12
5.602240896358543464e-03 6.069080118464853513e-07
5.586592178770949900e-03 1.180389119781466434e-12
5.571030640668523694e-03 6.001646810638305851e-07
5.555555555555555768e-03 1.155964213239712990e-12
5.540166204986149597e-03 5.935331164330648335e-07
5.524861878453038444e-03 1.127986593019159045e-12
5.509641873278237068e-03 5.870108576999655270e-07
5.494505494505494934e-03 1.104893954106955789e-12
5.479452054794520591e-03 5.805955241022786595e-07
5.464480874316939886e-03 1.083133582824302721e-12
5.449591280653950758e-03 5.742847850598309378e-07
5.434782608695652023e-03 1.056044141023448901e-12
5.420054200542005415e-03 5.680763806026334350e-07
5.405405405405405705e-03 1.034283769740795833e-12
5.390835579514825088e-03 5.619681093804729244e-07
5.376344086021505805e-03 1.010747041618742514e-12
5.361930294906166322e-03 5.559578304392687187e-07
5.347593582887700224e-03 9.894307595459395088e-13
5.333333333333333155e-03 5.500434578920021522e-07
5.319148936170212637e-03 9.698908343125367537e-13
5.305039787798408214e-03 5.442229649155194693e-07
5.291005291005290712e-03 9.499068198692839360e-13
5.277044854881266303e-03 5.384943726483015780e-07
5.263157894736841987e-03 9.281464485866308678e-13
5.249343832020997302e-03 5.328557537431777291e-07
5.235602094240838014e-03 9.103828801926283631e-13
5.221932114882506595e-03 5.273052385845744539e-07
5.208333333333333044e-03 8.926193117986258585e-13
5.194805194805194801e-03 5.218409993013040094e-07
5.181347150259067551e-03 8.735234757750731660e-13
5.167958656330749571e-03 5.164612595365269954e-07
5.154639175257731860e-03 8.562039965909207240e-13
5.141388174807197571e-03 5.111642815691652686e-07
5.128205128205128201e-03 8.371081605673680315e-13
5.115089514066496583e-03 5.059483774161321890e-07
5.102040816326530205e-03 8.228973058521660278e-13
5.089058524173028369e-03 5.008119057237081506e-07
5.076142131979695035e-03 8.055778266680135857e-13
5.063291139240506424e-03 4.957532531157937683e-07
5.050505050505050934e-03 7.873701690641610185e-13
5.037783375314861326e-03 4.907708626156193077e-07
5.025125628140703592e-03 7.744915819785092026e-13
5.012531328320801727e-03 4.858632083326597240e-07
5.000000000000000104e-03 7.567280135845066980e-13
4.987531172069825311e-03 4.810288039003296490e-07
4.975124378109452641e-03 7.416289804496045690e-13
4.962779156327543420e-03 4.762661909296639351e-07
4.950495049504950555e-03 7.274181257344025653e-13
4.938271604938271504e-03 4.715739643224026167e-07
4.926108374384236509e-03 7.123190925995004363e-13
4.914004914004913883e-03 4.669507394083893814e-07
4.901960784313725422e-03 6.994405055138486205e-13
4.889975550122249368e-03 4.623951674886939145e-07
4.878048780487804874e-03 6.834532939592463663e-13
4.866180048661800615e-03 4.579059416087716272e-07
4.854368932038834530e-03 6.732392421326949261e-13
4.842615012106537761e-03 4.534817752421815840e-07
4.830917874396135035e-03 6.576961197879427345e-13
4.819277108433735364e-03 4.491214187218872667e-07
4.807692307692307959e-03 6.465938895416911691e-13
4.796163069544364180e-03 4.448236499143831679e-07
4.784688995215310818e-03 6.328271240363392280e-13
4.773269689737470386e-03 4.405872742196947911e-07
4.761904761904762334e-03 6.217248937900876626e-13
4.750593824228028714e-03 4.364111321208952177e-07
4.739336492890995622e-03 6.115108419635362225e-13
4.728132387706855677e-03 4.322940854173396019e-07
4.716981132075471518e-03 5.986322548778844066e-13
4.705882352941176058e-03 4.282350269946277876e-07
4.694835680751173815e-03 5.897504706808831543e-13
4.683840749414519902e-03 4.242328679460172225e-07
4.672897196261681894e-03 5.773159728050814010e-13
4.662004662004662001e-03 4.202865513391884633e-07
4.651162790697674354e-03 5.657696533489797730e-13
4.640371229698375677e-03 4.163950477753530777e-07
4.629629629629629373e-03 5.573319583618285833e-13
4.618937644341801312e-03 4.125573420665773483e-07
4.608294930875576033e-03 5.435651928564766422e-13
4.597701149425287293e-03 4.087724456702801490e-07
4.587155963302752548e-03 5.346834086594753899e-13
4.576659038901601841e-03 4.050394002419466233e-07
4.566210045662100203e-03 5.271338920920243254e-13
4.555808656036446254e-03 4.013572549865784822e-07
4.545454545454545234e-03 5.169198402654728852e-13
4.535147392290249553e-03 3.977250968567602740e-07
4.524886877828054703e-03 5.067057884389214450e-13
4.514672686230247929e-03 3.941420194664146948e-07
4.504504504504504465e-03 4.982680934517702553e-13
4.494382022471910508e-03 3.906071426307278216e-07
4.484304932735425943e-03 4.884981308350688778e-13
4.474272930648769478e-03 3.871196079252570144e-07
4.464285714285714038e-03 4.809486142676178133e-13
4.454342984409799359e-03 3.836785751332172367e-07
4.444444444444444441e-03 4.711786516509164358e-13
4.434589800443458976e-03 3.802832195809457971e-07
4.424778761061946841e-03 4.654054919228656217e-13
4.415011037527593815e-03 3.769327361347052374e-07
4.405286343612335211e-03 4.569677969357144320e-13
4.395604395604395601e-03 3.736263374243264934e-07
4.385964912280701511e-03 4.485301019485632423e-13
4.376367614879649731e-03 3.703632489582275866e-07
4.366812227074235581e-03 4.387601393318618648e-13
4.357298474945534190e-03 3.671427251106251788e-07
4.347826086956521792e-03 4.338751580235111760e-13
4.338394793926247418e-03 3.639640286934309188e-07
4.329004329004329001e-03 4.236611061969597358e-13
4.319654427645788601e-03 3.608264331766974919e-07
4.310344827586206837e-03 4.165556788393587340e-13
4.301075268817204297e-03 3.577292342349380760e-07
4.291845493562231745e-03 4.116706975310080452e-13
4.282655246252676899e-03 3.546717457503234527e-07
4.273504273504273934e-03 4.041211809635569807e-13
4.264392324093816550e-03 3.516532882663625514e-07
4.255319148936170283e-03 3.965716643961059162e-13
4.246284501061571050e-03 3.486731956492405970e-07
4.237288135593220324e-03 3.916866830877552275e-13
4.228329809725158740e-03 3.457308315191198744e-07
4.219409282700421586e-03 3.859135233597044135e-13
4.210526315789473589e-03 3.428255506143784714e-07
4.201680672268907381e-03 3.796962744218035368e-13
4.192872117400419513e-03 3.399567396478175851e-07
4.184100418410041482e-03 3.734790254839026602e-13
4.175365344467640502e-03 3.371237928817549800e-07
4.166666666666666609e-03 3.668176873361517210e-13
4.158004158004158235e-03 3.343261019139731616e-07
4.149377593360995854e-03 3.597122599785507191e-13
4.140786749482401954e-03 3.315630983102835216e-07
4.132231404958677801e-03 3.526068326209497172e-13
4.123711340206185662e-03 3.288342034224456256e-07
4.115226337448560021e-03 3.477218513125990285e-13
4.106776180698152104e-03 3.261388625830363708e-07
4.098360655737705131e-03 3.410605131648480892e-13
4.089979550102249874e-03 3.234765215687218642e-07
4.081632653061224858e-03 3.348432642269472126e-13
4.073319755600814281e-03 3.208466505810747549e-07
4.065040650406504495e-03 3.281819260791962733e-13
4.056795131845841729e-03 3.182487198216676916e-07
4.048582995951417046e-03 3.241851231905457098e-13
4.040404040404040401e-03 3.156822190319985566e-07
4.032258064516128920e-03 3.201883203018951463e-13
4.024144869215292089e-03 3.131466361772083928e-07
4.016064257028112081e-03 3.161915174132445827e-13
4.008016032064127925e-03 3.106414809828095258e-07
4.000000000000000083e-03 3.086420008457935182e-13
3.992015968063871920e-03 3.081662698356524288e-07
