4.000000000000000222e-01 8.483421487492925905e-04
3.333333333333333148e-01 1.043520562804545193e-05
2.857142857142856984e-01 4.339335312062431171e-04
2.500000000000000000e-01 5.885599291044485426e-06
2.222222222222222099e-01 2.627788728624125270e-04
2.000000000000000111e-01 3.771515715733642082e-06
1.818181818181818232e-01 1.760033900772839388e-04
1.666666666666666574e-01 2.620903010619457518e-06
1.538461538461538547e-01 1.260528096533874987e-04
1.428571428571428492e-01 1.926358963011409742e-06
1.333333333333333315e-01 9.469783695559286230e-05
1.250000000000000000e-01 1.475265661188274180e-06
1.176470588235294101e-01 7.373614603478628737e-05
1.111111111111111049e-01 1.165857376417278601e-06
1.052631578947368363e-01 5.903507667959217997e-05
1.000000000000000056e-01 9.444693680471516473e-07
9.523809523809523281e-02 4.832893032746810036e-05
9.090909090909091161e-02 7.806296151713354448e-07
8.695652173913043237e-02 4.029131561544829765e-05
8.333333333333332871e-02 6.559945795459043438e-07
8.000000000000000167e-02 3.410385992408393463e-05
7.692307692307692735e-02 5.589863740773637346e-07
7.407407407407406996e-02 2.923943275368046102e-05
7.142857142857142461e-02 4.820053312037941851e-07
6.896551724137930939e-02 2.534608076354416539e-05
6.666666666666666574e-02 4.198957919143708750e-07
6.451612903225806273e-02 2.218154668920391259e-05
6.250000000000000000e-02 3.690602539130338755e-07
6.060606060606060774e-02 1.957466127455731453e-05
5.882352941176470507e-02 3.269266621863664568e-07
5.714285714285714107e-02 1.740170557518183614e-05
5.555555555555555247e-02 2.916166685906773637e-07
5.405405405405405705e-02 1.557145935970893902e-05
5.263157894736841813e-02 2.617326573250977617e-07
5.128205128205128027e-02 1.401547051349538719e-05
5.000000000000000278e-02 2.362173274761403263e-07
4.878048780487805047e-02 1.268156127043340575e-05
4.761904761904761640e-02 2.142588932940725499e-07
4.651162790697674354e-02 1.152939678306097449e-05
4.545454545454545581e-02 1.952257173698512815e-07
4.444444444444444614e-02 1.052740011697750333e-05
4.347826086956521618e-02 1.786203891462889715e-07
4.255319148936170109e-02 9.650565645280551053e-06
4.166666666666666435e-02 1.640468916264126165e-07
4.081632653061224164e-02 8.878883832608153170e-06
4.000000000000000083e-02 1.511867786518905632e-07
3.921568627450980338e-02 8.196189561715527816e-06
3.846153846153846367e-02 1.397816284942621223e-07
3.773584905660377214e-02 7.589308700595154278e-06
3.703703703703703498e-02 1.296199658717966940e-07
3.636363636363636187e-02 7.047417771577357826e-06
3.571428571428571230e-02 1.205273840731990731e-07
3.508771929824561209e-02 6.561558041795478857e-06
3.448275862068965469e-02 1.123590145368780213e-07
3.389830508474576259e-02 6.124262874163122206e-06
3.333333333333333287e-02 1.049937199404382682e-07
3.278688524590164105e-02 5.729269158649685778e-06
3.225806451612903136e-02 9.832957781341633563e-08
3.174603174603174427e-02 5.371291810885026052e-06
3.125000000000000000e-02 9.228033803765356424e-08
3.076923076923077094e-02 5.045846061424441586e-06
3.030303030303030387e-02 8.677261531531144101e-08
2.985074626865671585e-02 4.749106321977336620e-06
2.941176470588235253e-02 8.174365184743237478e-08
2.898550724637681195e-02 4.477793244639372006e-06
2.857142857142857054e-02 7.713952765442400050e-08
2.816901408450704289e-02 4.229082731121991401e-06
2.777777777777777624e-02 7.291370485162929072e-08
2.739726027397260122e-02 4.000532151327007568e-06
2.702702702702702853e-02 6.902584370749309528e-08
2.666666666666666838e-02 3.790020135951976954e-06
2.631578947368420907e-02 6.544084696358254405e-08
2.597402597402597574e-02 3.595697181779655693e-06
2.564102564102564014e-02 6.212805425676037885e-08
2.531645569620253125e-02 3.415944883400356957e-06
2.500000000000000139e-02 5.906059108440331329e-08
2.469135802469135665e-02 3.249342132694010843e-06
2.439024390243902524e-02 5.621481502515734974e-08
2.409638554216867595e-02 3.094636941813888598e-06
2.380952380952380820e-02 5.356987120563871940e-08
2.352941176470588203e-02 2.950722858052756692e-06
2.325581395348837177e-02 5.110729706103711578e-08
2.298850574712643646e-02 2.816619120604713089e-06
2.272727272727272790e-02 4.881070392315223216e-08
2.247191011235954994e-02 2.691453911740637750e-06
2.222222222222222307e-02 4.666550434961891369e-08
2.197802197802197974e-02 2.574450148173923480e-06
2.173913043478260809e-02 4.465867631253672698e-08
2.150537634408602322e-02 2.464913396060808282e-06
2.127659574468085055e-02 4.277857179602051474e-08
2.105263157894736795e-02 2.362221531715391620e-06
2.083333333333333218e-02 4.101474093687329514e-08
2.061855670103092744e-02 2.265815909119339722e-06
2.040816326530612082e-02 3.935779302466357876e-08
2.020202020202020374e-02 2.175193725140189827e-06
2.000000000000000042e-02 3.779925927815952491e-08
1.980198019801980222e-02 2.089901462554166756e-06
1.960784313725490169e-02 3.633149914250566326e-08
1.941747572815533812e-02 2.009529202595672359e-06
1.923076923076923184e-02 3.494759859279383818e-08
1.904761904761904934e-02 1.933705686241182775e-06
1.886792452830188607e-02 3.364128975391622589e-08
1.869158878504672758e-02 1.862094028748373375e-06
1.851851851851851749e-02 3.240687718175649934e-08
1.834862385321101019e-02 1.794387957776422127e-06
1.818181818181818094e-02 3.123917924341412800e-08
1.801801801801801786e-02 1.730308553327120080e-06
1.785714285714285615e-02 3.013347660285603524e-08
1.769911504424778736e-02 1.669601346954152632e-06
1.754385964912280604e-02 2.908545315705168832e-08
1.739130434782608717e-02 1.612033808218171771e-06
1.724137931034482735e-02 2.809116894653129748e-08
1.709401709401709574e-02 1.557393106477178435e-06
1.694915254237288130e-02 2.714701130557273245e-08
1.680672268907562952e-02 1.505484145347679714e-06
1.666666666666666644e-02 2.624966644049209208e-08
1.652892561983471120e-02 1.456127819210450980e-06
1.639344262295082053e-02 2.539608878748822463e-08
1.626016260162601798e-02 1.409159464227371927e-06
1.612903225806451568e-02 2.458347836409302545e-08
1.600000000000000033e-02 1.364427479888519201e-06
1.587301587301587213e-02 2.380925590017568538e-08
1.574803149606299191e-02 1.321792108655017728e-06
1.562500000000000000e-02 2.307103841303614900e-08
1.550387596899224785e-02 1.281124343943673694e-06
1.538461538461538547e-02 2.236663121379933727e-08
1.526717557251908337e-02 1.242304952242534455e-06
1.515151515151515194e-02 2.169399859752729753e-08
1.503759398496240518e-02 1.205223590705628567e-06
1.492537313432835792e-02 2.105125629370263596e-08
1.481481481481481538e-02 1.169778038878632742e-06
1.470588235294117627e-02 2.043666125217669105e-08
1.459854014598540098e-02 1.135873468172121648e-06
1.449275362318840597e-02 1.984859476777955933e-08
1.438848920863309427e-02 1.103421841897045397e-06
1.428571428571428527e-02 1.928555004582221954e-08
1.418439716312056703e-02 1.072341302421619957e-06
1.408450704225352144e-02 1.874612731711522429e-08
1.398601398601398600e-02 1.042555690666802093e-06
1.388888888888888812e-02 1.822902406800608333e-08
1.379310344827586188e-02 1.013994056275890898e-06
1.369863013698630061e-02 1.773302127361375824e-08
1.360544217687074779e-02 9.865902441674734291e-07
1.351351351351351426e-02 1.725699538823732837e-08
1.342281879194630843e-02 9.602825130627934413e-07
1.333333333333333419e-02 1.679988104186236342e-08
1.324503311258278145e-02 9.350131726648669428e-07
1.315789473684210453e-02 1.636069191235378639e-08
1.307189542483660170e-02 9.107282878950684335e-07
1.298701298701298787e-02 1.593850251779826976e-08
1.290322580645161289e-02 8.873773791329142568e-07
1.282051282051282007e-02 1.553244555196897636e-08
1.273885350318471402e-02 8.649131579829827388e-07
1.265822784810126563e-02 1.514171410477160862e-08
1.257861635220125854e-02 8.432912972367034854e-07
1.250000000000000069e-02 1.476553812551628653e-08
1.242236024844720413e-02 8.224701986137006315e-07
1.234567901234567833e-02 1.440321151235934849e-08
1.226993865030674875e-02 8.024108026916110248e-07
1.219512195121951262e-02 1.405405791743419286e-08
1.212121212121212120e-02 7.830764041649729279e-07
1.204819277108433798e-02 1.371744851041967195e-08
1.197604790419161749e-02 7.644324839795046955e-07
1.190476190476190410e-02 1.339278954404221622e-08
1.183431952662721866e-02 7.464465499040784380e-07
1.176470588235294101e-02 1.307952235407583430e-08
1.169590643274853736e-02 7.290879970867081283e-07
1.162790697674418589e-02 1.277711669800396521e-08
1.156069364161849654e-02 7.123279872622845232e-07
1.149425287356321823e-02 1.248508141316051478e-08
1.142857142857142856e-02 6.961393119730985291e-07
1.136363636363636395e-02 1.220294265635857300e-08
1.129943502824858753e-02 6.804962966455718743e-07
1.123595505617977497e-02 1.193026122336959816e-08
1.117318435754189980e-02 6.653746904561330666e-07
1.111111111111111154e-02 1.166662011442554103e-08
1.104972375690607689e-02 6.507515730724833247e-07
1.098901098901098987e-02 1.141162098150516613e-08
1.092896174863387977e-02 6.366052791584309034e-07
1.086956521739130405e-02 1.116489345420745849e-08
1.081081081081081141e-02 6.229152962333728283e-07
1.075268817204301161e-02 1.092608048480769867e-08
1.069518716577540045e-02 6.096622087170544546e-07
1.063829787234042527e-02 1.069484723004165971e-08
1.058201058201058142e-02 5.968276188816901140e-07
1.052631578947368397e-02 1.047088060701639733e-08
1.047120418848167603e-02 5.843940962257931915e-07
1.041666666666666609e-02 1.025387286190948544e-08
1.036269430051813510e-02 5.723450975381183525e-07
1.030927835051546372e-02 1.004354688305397758e-08
1.025641025641025640e-02 5.606649344791492240e-07
1.020408163265306041e-02 9.839622006069248528e-09
1.015228426395939007e-02 5.493387011945571885e-07
1.010101010101010187e-02 9.641845100105683741e-09
1.005025125628140718e-02 5.383522396762430162e-07
1.000000000000000021e-02 9.449975468811544488e-09
9.950248756218905283e-03 5.276920957975050896e-07
9.900990099009901110e-03 9.263772859924301883e-09
9.852216748768473017e-03 5.173454784568320974e-07
9.803921568627450844e-03 9.083021446087968798e-09
9.756097560975609748e-03 5.073002040667518031e-07
9.708737864077669061e-03 8.907510729017076301e-09
9.661835748792270070e-03 4.975446881161360579e-07
9.615384615384615918e-03 8.737035983585883514e-09
9.569377990430621636e-03 4.880678918794956189e-07
9.523809523809524669e-03 8.571409804147833711e-09
9.478672985781991245e-03 4.788592962157167676e-07
9.433962264150943036e-03 8.410448781859258816e-09
9.389671361502347630e-03 4.699088780313331881e-07
9.345794392523363789e-03 8.253980166017527154e-09
9.302325581395348708e-03 4.612070760856568086e-07
9.259259259259258745e-03 8.101838311347364652e-09
9.216589861751152066e-03 4.527447639013360003e-07
9.174311926605505096e-03 7.953861569376385887e-09
9.132420091324200406e-03 4.445132355535008628e-07
9.090909090909090468e-03 7.809903834754550189e-09
9.049773755656109406e-03 4.365041723630724846e-07
9.009009009009008931e-03 7.669820778488656288e-09
8.968609865470851886e-03 4.287096340149787466e-07
8.928571428571428076e-03 7.533469403853132462e-09
8.888888888888888881e-03 4.211220199223930649e-07
8.849557522123893682e-03 7.400725365869220695e-09
8.810572687224670421e-03 4.137340776644293783e-07
8.771929824561403022e-03 7.271458990487644769e-09
8.733624454148471161e-03 4.065388563567751135e-07
8.695652173913043584e-03 7.145548597264905766e-09
8.658008658008658001e-03 3.995297150893861726e-07
8.620689655172413673e-03 7.022880943452491920e-09
8.583690987124463490e-03 3.927002896197961945e-07
8.547008547008547868e-03 6.903346783104780116e-09
8.510638297872340566e-03 3.860444888204028757e-07
8.474576271186440649e-03 6.786835093919307837e-09
8.438818565400843172e-03 3.795564769148995765e-07
8.403361344537814762e-03 6.673251728983586872e-09
8.368200836820082963e-03 3.732306605996882354e-07
8.333333333333333218e-03 6.562491883244092605e-09
8.298755186721991708e-03 3.670616783857383325e-07
8.264462809917355601e-03 6.454471179750953524e-09
8.230452674897120041e-03 3.610443886081782239e-07
8.196721311475410263e-03 6.349094139324051866e-09
8.163265306122449716e-03 3.551738592122433147e-07
8.130081300813008990e-03 6.246277717281145669e-09
8.097165991902834092e-03 3.494453539865105540e-07
8.064516129032257841e-03 6.145936204404733871e-09
8.032128514056224161e-03 3.438543316747200151e-07
8.000000000000000167e-03 6.047995881885981362e-09
7.968127490039840499e-03 3.383964228831359833e-07
7.936507936507936067e-03 5.952379478202374230e-09
7.905138339920948082e-03 3.330674402945987822e-07
7.874015748031495954e-03 5.859007945474559165e-09
7.843137254901960675e-03 3.278633515790829733e-07
7.812500000000000000e-03 5.767819555302367007e-09
7.782101167315175205e-03 3.227802842786786641e-07
7.751937984496123923e-03 5.678744141590641448e-09
7.722007722007722189e-03 3.178145200344317800e-07
7.692307692307692735e-03 5.591714646868695127e-09
7.662835249042145198e-03 3.129624697173483128e-07
7.633587786259541687e-03 5.506669786825568735e-09
7.604562737642585508e-03 3.082206911919627146e-07
7.575757575757575968e-03 5.423554050310031016e-09
7.547169811320754776e-03 3.035858684441450350e-07
7.518796992481202590e-03 5.342301712119024160e-09
7.490636704119850268e-03 2.990548093606548719e-07
7.462686567164178962e-03 5.262864366528674509e-09
7.434944237918215265e-03 2.946244359591787543e-07
7.407407407407407690e-03 5.185182949674072006e-09
7.380073800738007166e-03 2.902917901614898710e-07
7.352941176470588133e-03 5.109212164455811944e-09
7.326007326007326001e-03 2.860540195825933552e-07
7.299270072992700489e-03 5.034897387901082766e-09
7.272727272727272721e-03 2.819083686489420870e-07
7.246376811594202987e-03 4.962191546553640364e-09
7.220216606498195203e-03 2.778521914770237800e-07
7.194244604316547137e-03 4.891048899224870183e-09
7.168458781362007162e-03 2.738829336657033764e-07
7.142857142857142634e-03 4.821430810153515267e-09
7.117437722419928461e-03 2.699981243026172706e-07
7.092198581560283516e-03 4.753283100455973909e-09
7.067137809187279060e-03 2.661953866223143450e-07
7.042253521126760722e-03 4.686572019352297502e-09
7.017543859649122938e-03 2.624724269040257241e-07
6.993006993006993001e-03 4.621254934278340443e-09
6.968641114982578391e-03 2.588270269221482067e-07
6.944444444444444059e-03 4.557293653562055624e-09
6.920415224913495020e-03 2.552570474989579452e-07
6.896551724137930939e-03 4.494652205977445192e-09
6.872852233676975814e-03 2.517604222873615072e-07
6.849315068493150305e-03 4.433290623495622640e-09
6.825938566552901092e-03 2.483351555504498265e-07
6.802721088435373896e-03 4.373179596228737864e-09
6.779661016949152345e-03 2.449793194969629440e-07
6.756756756756757132e-03 4.314282264772373310e-09
6.734006734006733712e-03 2.416910480640410697e-07
6.711409395973154217e-03 4.256567098792629622e-09
6.688963210702341018e-03 2.384685391376706320e-07
6.666666666666667095e-03 4.200003012044817297e-09
6.644518272425249325e-03 2.353100576613087469e-07
6.622516556291390723e-03 4.144557141927407429e-09
6.600660066006600740e-03 2.322139094346198362e-07
6.578947368421052266e-03 4.090203287177018865e-09
6.557377049180327863e-03 2.291784695351850587e-07
6.535947712418300852e-03 4.036910361548962101e-09
6.514657980456026350e-03 2.262021618903986564e-07
6.493506493506493935e-03 3.984654828315115083e-09
6.472491909385113575e-03 2.232834592774679550e-07
6.451612903225806446e-03 3.933404268963158756e-09
6.430868167202572275e-03 2.204208864320378325e-07
6.410256410256410034e-03 3.883138699478649869e-09
6.389776357827475772e-03 2.176130062814252142e-07
6.369426751592357008e-03 3.833829254062948166e-09
6.349206349206349201e-03 2.148584430372579845e-07
6.329113924050632813e-03 3.785454616433980846e-09
6.309148264984226935e-03 2.121558546619439767e-07
6.289308176100629269e-03 3.737985920793107653e-09
6.269592476489027968e-03 2.095039350891170216e-07
6.250000000000000347e-03 3.691406735839564135e-09
6.230529595015576148e-03 2.069014315431161322e-07
6.211180124223602064e-03 3.645697077558907040e-09
6.191950464396285200e-03 2.043471165613652829e-07
6.172839506172839164e-03 3.600824083349607463e-09
6.153846153846153841e-03 2.018398168601720499e-07
6.134969325153374377e-03 3.556777539159838852e-09
6.116207951070336442e-03 1.993783844689289708e-07
6.097560975609756309e-03 3.513536572796738255e-09
6.079027355623100280e-03 1.969617007269164333e-07
6.060606060606060601e-03 3.471076759353763919e-09
6.042296072507552865e-03 1.945886931586926494e-07
6.024096385542168988e-03 3.429383887976200640e-09
6.006006006006005954e-03 1.922583119373655336e-07
5.988023952095808747e-03 3.388435754203555916e-09
5.970149253731343343e-03 1.899695463158934672e-07
5.952380952380952051e-03 3.348217703091904696e-09
5.934718100890207931e-03 1.877214086398737436e-07
5.917159763313609329e-03 3.308710638805223425e-09
5.899705014749262455e-03 1.855129405647915064e-07
5.882352941176470507e-03 3.269899906399587053e-09
5.865102639296187678e-03 1.833432219378039463e-07
5.847953216374268681e-03 3.231766854128181876e-09
5.830903790087463463e-03 1.812113450405661297e-07
5.813953488372092943e-03 3.194297271136292693e-09
5.797101449275362389e-03 1.791164363496022816e-07
5.780346820809248269e-03 3.157475170212364901e-09
5.763688760806916049e-03 1.770576472104323784e-07
5.747126436781609116e-03 3.121289449126152249e-09
5.730659025787965440e-03 1.750341480644124204e-07
5.714285714285714281e-03 3.085718347506372083e-09
5.698005698005698290e-03 1.730451417714107265e-07
5.681818181818181976e-03 3.050751651301197853e-09
5.665722379603399701e-03 1.710898480666855903e-07
5.649717514124293766e-03 3.016379146458803007e-09
5.633802816901408751e-03 1.691675071135989583e-07
5.617977528089887485e-03 2.982581737143163991e-09
5.602240896358543464e-03 1.672773843885977385e-07
5.586592178770949900e-03 2.949347877034824705e-09
5.571030640668523694e-03 1.654187644639648624e-07
5.555555555555555768e-03 2.916669128438797998e-09
5.540166204986149597e-03 1.635909456787487670e-07
5.524861878453038444e-03 2.884530392321948966e-09
5.509641873278237068e-03 1.617932605668670476e-07
5.494505494505494934e-03 2.852920122364821509e-09
5.479452054794520591e-03 1.600250421063265094e-07
5.464480874316939886e-03 2.821824551801910275e-09
5.449591280653950758e-03 1.582856556936462766e-07
5.434782608695652023e-03 2.791234798849018262e-09
5.420054200542005415e-03 1.565744711662375721e-07
5.405405405405405705e-03 2.761142425811158319e-09
5.390835579514825088e-03 1.548908894477563081e-07
5.376344086021505805e-03 2.731535442279664494e-09
5.361930294906166322e-03 1.532343154586612854e-07
5.347593582887700224e-03 2.702397861042982186e-09
5.333333333333333155e-03 1.516041767679610075e-07
5.319148936170212637e-03 2.673725241209012893e-09
5.305039787798408214e-03 1.499999133791618533e-07
5.291005291005290712e-03 2.645507368725930064e-09
5.277044854881266303e-03 1.484209799507141270e-07
5.263157894736841987e-03 2.617731365006648048e-09
5.249343832020997302e-03 1.468668480164581069e-07
5.235602094240838014e-03 2.590395009605117593e-09
5.221932114882506595e-03 1.453369935511261701e-07
5.208333333333333044e-03 2.563478762596105298e-09
5.194805194805194801e-03 1.438309209511601239e-07
5.181347150259067551e-03 2.536983956247240712e-09
5.167958656330749571e-03 1.423481403861615036e-07
5.154639175257731860e-03 2.510897267882228334e-09
5.141388174807197571e-03 1.408881709075160416e-07
5.128205128205128201e-03 2.485210703895290862e-09
5.115089514066496583e-03 1.394505471097318150e-07
5.102040816326530205e-03 2.459914938413021446e-09
5.089058524173028369e-03 1.380348133572795177e-07
5.076142131979695035e-03 2.435004642364901883e-09
5.063291139240506424e-03 1.366405331104658671e-07
5.050505050505050934e-03 2.410474042591204125e-09
5.037783375314861326e-03 1.352672716059544200e-07
5.025125628140703592e-03 2.386308928237212967e-09
5.012531328320801727e-03 1.339146091794418680e-07
5.000000000000000104e-03 2.362505746589249611e-09
4.987531172069825311e-03 1.325821346043198901e-07
4.975124378109452641e-03 2.339054727684697355e-09
4.962779156327543420e-03 1.312694477562104112e-07
4.950495049504950555e-03 2.315952762899087247e-09
4.938271604938271504e-03 1.299761636097684914e-07
4.926108374384236509e-03 2.293192746805061688e-09
4.914004914004913883e-03 1.287018944751139315e-07
4.901960784313725422e-03 2.270764909440003976e-09
4.889975550122249368e-03 1.274462775313622842e-07
4.878048780487804874e-03 2.248665254001025460e-09
4.866180048661800615e-03 1.262089410758449048e-07
4.854368932038834530e-03 2.226887563239188239e-09
4.842615012106537761e-03 1.249895418276025794e-07
4.830917874396135035e-03 2.205420290835036212e-09
4.819277108433735364e-03 1.237877271798026868e-07
4.807692307692307959e-03 2.184269209948297430e-09
4.796163069544364180e-03 1.226031645096270495e-07
4.784688995215310818e-03 2.163417001099787740e-09
4.773269689737470386e-03 1.214355211942574897e-07
4.761904761904762334e-03 2.142857891129779091e-09
4.750593824228028714e-03 1.202844783776413351e-07
4.739336492890995622e-03 2.122595876841160134e-09
4.728132387706855677e-03 1.191497251973316907e-07
4.716981132075471518e-03 2.102621188271314168e-09
4.705882352941176058e-03 1.180309583403982288e-07
4.694835680751173815e-03 2.082924499546834340e-09
4.683840749414519902e-03 1.169278713852861529e-07
4.672897196261681894e-03 2.063502257954041852e-09
4.662004662004662001e-03 1.158401774503658999e-07
4.651162790697674354e-03 2.044351354868467752e-09
4.640371229698375677e-03 1.147675927626323755e-07
4.629629629629629373e-03 2.025466461219593839e-09
4.618937644341801312e-03 1.137098304404560167e-07
4.608294930875576033e-03 2.006840471580062513e-09
4.597701149425287293e-03 1.126666266948461725e-07
4.587155963302752548e-03 1.988471165503824523e-09
4.576659038901601841e-03 1.116377137400093034e-07
4.566210045662100203e-03 1.970352769831151818e-09
4.555808656036446254e-03 1.106228300074008075e-07
4.545454545454545234e-03 1.952483064115995148e-09
4.535147392290249553e-03 1.096217263629739591e-07
4.524886877828054703e-03 1.934851390217318112e-09
4.514672686230247929e-03 1.086341483436115141e-07
4.504504504504504465e-03 1.917460412670379810e-09
4.494382022471910508e-03 1.076598552529617336e-07
4.484304932735425943e-03 1.900301249690983241e-09
4.474272930648769478e-03 1.066986121678326072e-07
4.464285714285714038e-03 1.883373457189918554e-09
4.454342984409799359e-03 1.057501877177458027e-07
4.444444444444444441e-03 1.866669041561408449e-09
4.434589800443458976e-03 1.048143505322229885e-07
4.424778761061946841e-03 1.850185782359403674e-09
4.415011037527593815e-03 1.038908790107484492e-07
4.405286343612335211e-03 1.833920570959435281e-09
4.395604395604395601e-03 1.029795622109475062e-07
4.385964912280701511e-03 1.817871631004663868e-09
4.376367614879649731e-03 1.020801807527504934e-07
4.366812227074235581e-03 1.802027860264843184e-09
4.357298474945534190e-03 1.011925343519237686e-07
4.347826086956521792e-03 1.786391479186022480e-09
4.338394793926247418e-03 1.003164098456466036e-07
4.329004329004329001e-03 1.770958490965313104e-09
4.319654427645788601e-03 9.945161805191560234e-08
4.310344827586206837e-03 1.755724010621406705e-09
4.301075268817204297e-03 9.859796135103238157e-08
4.291845493562231745e-03 1.740688926332722986e-09
4.282655246252676899e-03 9.775524656419065650e-08
4.273504273504273934e-03 1.725841691779805842e-09
4.264392324093816550e-03 9.692328939436833934e-08
4.255319148936170283e-03 1.711184971497914376e-09
4.246284501061571050e-03 9.610191353814911963e-08
4.237288135593220324e-03 1.696712104148900835e-09
4.228329809725158740e-03 9.529092981352960123e-08
4.219409282700421586e-03 1.682428862892493271e-09
4.210526315789473589e-03 9.449017079887767068e-08
4.201680672268907381e-03 1.668317928249507531e-09
4.192872117400419513e-03 9.369946329940148644e-08
4.184100418410041482e-03 1.654384185201251967e-09
4.175365344467640502e-03 9.291863811711209564e-08
4.166666666666666609e-03 1.640627189658516727e-09
4.158004158004158235e-03 9.214753271535869317e-08
4.149377593360995854e-03 1.627040724372363911e-09
4.140786749482401954e-03 9.138598677793652314e-08
4.132231404958677801e-03 1.613624345253583670e-09
4.123711340206185662e-03 9.063384132090845924e-08
4.115226337448560021e-03 1.600369614607188851e-09
4.106776180698152104e-03 8.989094490985394259e-08
4.098360655737705131e-03 1.587277864700809005e-09
4.089979550102249874e-03 8.915714433399557493e-08
4.081632653061224858e-03 1.574347319177604732e-09
4.073319755600814281e-03 8.843229215571568602e-08
4.065040650406504495e-03 1.561573093056267680e-09
4.056795131845841729e-03 8.771624582237791401e-08
4.048582995951417046e-03 1.548956074515217551e-09
4.040404040404040401e-03 8.700885878454300837e-08
4.032258064516128920e-03 1.536489602216306594e-09
4.024144869215292089e-03 8.630999648318038453e-08
4.016064257028112081e-03 1.524173676159534807e-09
4.008016032064127925e-03 8.561951814201052002e-08
4.000000000000000083e-03 1.512004743631223391e-09
3.992015968063871920e-03 8.493729763969781743e-08
