5.000000000000000000e-01 3.206494378045308125e-01
4.000000000000000222e-01 2.583969451256740157e-02
3.333333333333333148e-01 1.981733374724701235e-01
2.857142857142856984e-01 1.309843380995889817e-02
2.500000000000000000e-01 1.427440841923481862e-01
2.222222222222222099e-01 7.902372699251980492e-03
2.000000000000000111e-01 1.113626679556887211e-01
1.818181818181818232e-01 5.282747583586377971e-03
1.666666666666666574e-01 9.122652093829941577e-02
1.538461538461538547e-01 3.779322010926566833e-03
1.428571428571428492e-01 7.722873443067967969e-02
1.333333333333333315e-01 2.837275125294080880e-03
1.250000000000000000e-01 6.694129052605912733e-02
1.176470588235294101e-01 2.208214057961122023e-03
1.111111111111111049e-01 5.906501660941820830e-02
1.052631578947368363e-01 1.767380614199343114e-03
1.000000000000000056e-01 5.284283347572715783e-02
9.523809523809523281e-02 1.446520476620971607e-03
9.090909090909091161e-02 4.780409862926360276e-02
8.695652173913043237e-02 1.205734935623592463e-03
8.333333333333332871e-02 4.364101049419399914e-02
8.000000000000000167e-02 1.020433345705562544e-03
7.692307692307692735e-02 4.014386370814104765e-02
7.407407407407406996e-02 8.747892375797761133e-04
7.142857142857142461e-02 3.716489226454866568e-02
6.896551724137930939e-02 7.582422628646945384e-04
6.666666666666666574e-02 3.459699403762517278e-02
6.451612903225806273e-02 6.635271018304855772e-04
6.250000000000000000e-02 3.236065455766201637e-02
6.060606060606060774e-02 5.855124142732925918e-04
5.882352941176470507e-02 3.039560832625243236e-02
5.714285714285714107e-02 5.204905369717849339e-04
5.555555555555555247e-02 2.865535037449884470e-02
5.405405405405405705e-02 4.657284755720247915e-04
5.263157894736841813e-02 2.710342332215276429e-02
5.128205128205128027e-02 4.191758374036957946e-04
5.000000000000000278e-02 2.571084445352855852e-02
4.878048780487805047e-02 3.792700023401707199e-04
4.761904761904761640e-02 2.445428451262454672e-02
4.651162790697674354e-02 3.448032171227133347e-04
4.545454545454545581e-02 2.331475399548210703e-02
4.444444444444444614e-02 3.148300992741326354e-04
4.347826086956521618e-02 2.227663934004242563e-02
4.255319148936170109e-02 2.886020947179268603e-04
4.166666666666666435e-02 2.132698495089924151e-02
4.081632653061224164e-02 2.655202721708604940e-04
4.000000000000000083e-02 2.045495091328097814e-02
3.921568627450980338e-02 2.451008171115987011e-04
3.846153846153846367e-02 1.965139822189110319e-02
3.773584905660377214e-02 2.269494655231518720e-04
3.703703703703703498e-02 1.890856787320860377e-02
3.636363636363636187e-02 2.107423250876649945e-04
3.571428571428571230e-02 1.821982994760773522e-02
3.508771929824561209e-02 1.962113229776463186e-04
3.448275862068965469e-02 1.757948550202526050e-02
3.389830508474576259e-02 1.831330472752412675e-04
3.333333333333333287e-02 1.698260874857826508e-02
3.278688524590164105e-02 1.713201067703451486e-04
3.225806451612903136e-02 1.642492027711917046e-02
3.174603174603174427e-02 1.606143798795756084e-04
3.125000000000000000e-02 1.590268442540176963e-02
3.076923076923077094e-02 1.508816949802316287e-04
3.030303030303030387e-02 1.541262559711897850e-02
2.985074626865671585e-02 1.420076054783336872e-04
2.941176470588235253e-02 1.495185956928191118e-02
2.898550724637681195e-02 1.338940095534368879e-04
2.857142857142857054e-02 1.451783674795326107e-02
2.816901408450704289e-02 1.264564269018997322e-04
2.777777777777777624e-02 1.410829501643373618e-02
2.739726027397260122e-02 1.196217905290453132e-04
2.702702702702702853e-02 1.372122033627443116e-02
2.666666666666666838e-02 1.133266451636139038e-04
2.631578947368420907e-02 1.335481365382573671e-02
2.597402597402597574e-02 1.075156689371858931e-04
2.564102564102564014e-02 1.300746296578125794e-02
2.531645569620253125e-02 1.021404536949432895e-04
2.500000000000000139e-02 1.267771962931973917e-02
2.469135802469135665e-02 9.715849348213012604e-05
2.439024390243902524e-02 1.236427818311680582e-02
2.409638554216867595e-02 9.253234156680889555e-05
2.380952380952380820e-02 1.206595908689189756e-02
2.352941176470588203e-02 8.822890466575472601e-05
2.325581395348837177e-02 1.178169389870742378e-02
2.298850574712643646e-02 8.421884941300916694e-05
2.272727272727272790e-02 1.151051249761048112e-02
2.247191011235954994e-02 8.047610114836345474e-05
2.222222222222222307e-02 1.125153202982298595e-02
2.197802197802197974e-02 7.697741894086007619e-05
2.173913043478260809e-02 1.100394731321729935e-02
2.150537634408602322e-02 7.370203391365848233e-05
2.127659574468085055e-02 1.076702248048544419e-02
2.105263157894736795e-02 7.063134028095774397e-05
2.083333333333333218e-02 1.054008367841907656e-02
2.061855670103092744e-02 6.774863053937707491e-05
2.040816326530612082e-02 1.008565059452770640e-02
2.020202020202020374e-02 6.503886769948508118e-05
2.000000000000000042e-02 1.011374121697228290e-02
1.980198019801980222e-02 6.248848878964707865e-05
1.960784313725490169e-02 9.913246118931073880e-03
1.941747572815533812e-02 6.008523480538485728e-05
1.923076923076923184e-02 9.720544845340128859e-03
1.904761904761904934e-02 5.781800310833418166e-05
1.886792452830188607e-02 9.535191656206976063e-03
1.869158878504672758e-02 5.567671895656545189e-05
1.851851851851851749e-02 9.356774162292413877e-03
1.834862385321101019e-02 5.365222339603903379e-05
1.818181818181818094e-02 9.184910263495105198e-03
1.801801801801801786e-02 5.173617514087069935e-05
1.785714285714285615e-02 9.019245418408594617e-03
1.769911504424778736e-02 4.992096452172134491e-05
1.754385964912280604e-02 8.859450203986263261e-03
1.739130434782608717e-02 4.819963780855474056e-05
1.724137931034482735e-02 8.705218129975822450e-03
1.709401709401709574e-02 4.656583050799412149e-05
1.694915254237288130e-02 8.556263677641950949e-03
1.680672268907562952e-02 4.501370845622076899e-05
1.666666666666666644e-02 8.412320536361761469e-03
1.652892561983471120e-02 4.353791565181452938e-05
1.639344262295082053e-02 8.273140015202518072e-03
1.626016260162601798e-02 4.213352799142811023e-05
1.612903225806451568e-02 8.138489609541110781e-03
1.600000000000000033e-02 4.079601213735628562e-05
1.587301587301587213e-02 8.008151705375166074e-03
1.574803149606299191e-02 3.952118889349875985e-05
1.562500000000000000e-02 7.881922406109964641e-03
1.550387596899224785e-02 3.830520051106844903e-05
1.538461538461538547e-02 7.759610468548228113e-03
1.526717557251908337e-02 3.714448147329463268e-05
1.515151515151515194e-02 7.641036336400564011e-03
1.503759398496240518e-02 3.603573232613399568e-05
1.492537313432835792e-02 7.526031261038568232e-03
1.481481481481481538e-02 3.497589620460317406e-05
1.470588235294117627e-02 7.414436500450705125e-03
1.459854014598540098e-02 3.396213773809719783e-05
1.449275362318840597e-02 7.306102588389595809e-03
1.438848920863309427e-02 3.299182407134892969e-05
1.428571428571428527e-02 7.200888666659466253e-03
1.418439716312056703e-02 3.206250774701047135e-05
1.408450704225352144e-02 7.098661874258560545e-03
1.398601398601398600e-02 3.117191125800999885e-05
1.388888888888888812e-02 6.999296787791209340e-03
1.379310344827586188e-02 3.031791308449882649e-05
1.369863013698630061e-02 6.902674908250805430e-03
1.360544217687074779e-02 2.949853503819710454e-05
1.351351351351351426e-02 6.808684189681279975e-03
1.342281879194630843e-02 2.871193080755674032e-05
1.333333333333333419e-02 6.717218605841068779e-03
1.324503311258278145e-02 2.795637553809626752e-05
1.315789473684210453e-02 6.628177751322184008e-03
1.307189542483660170e-02 2.723025637330067639e-05
1.298701298701298787e-02 6.541466473962476158e-03
1.290322580645161289e-02 2.653206384017892105e-05
1.282051282051282007e-02 6.456994535725346651e-03
1.273885350318471402e-02 2.586038399554624334e-05
1.265822784810126563e-02 6.374676299536474744e-03
1.257861635220125854e-02 2.521389126330930708e-05
1.250000000000000069e-02 6.294430439743425865e-03
1.242236024844720413e-02 2.459134188725897729e-05
1.234567901234567833e-02 6.216179674169097780e-03
1.226993865030674875e-02 2.399156795096502037e-05
1.219512195121951262e-02 6.139850515926692509e-03
1.212121212121212120e-02 2.341347188439257820e-05
1.204819277108433798e-02 6.065373043254940200e-03
1.197604790419161749e-02 2.285602145368770266e-05
1.190476190476190410e-02 5.992680685934281826e-03
1.183431952662721866e-02 2.231824513199143212e-05
1.176470588235294101e-02 5.921710026858928444e-03
1.169590643274853736e-02 2.179922788281274393e-05
1.162790697674418589e-02 5.852400617539554872e-03
1.156069364161849654e-02 2.129810725071124011e-05
1.149425287356321823e-02 5.784694806418855251e-03
1.142857142857142856e-02 2.081406978415856202e-05
1.136363636363636395e-02 5.718537578963012180e-03
1.129943502824858753e-02 2.034634772574150929e-05
1.123595505617977497e-02 5.653876408592939384e-03
1.117318435754189980e-02 1.989421597281548770e-05
1.111111111111111154e-02 5.590661117623518805e-03
1.104972375690607689e-02 1.945698925975847260e-05
1.098901098901098987e-02 5.528843747419465160e-03
1.092896174863387977e-02 1.903401956315775578e-05
1.086956521739130405e-02 5.468378437068821540e-03
1.081081081081081141e-02 1.862469369839914179e-05
1.075268817204301161e-02 5.409221309946588008e-03
1.069518716577540045e-02 1.822843109300364972e-05
1.063829787234042527e-02 5.351330367532103338e-03
1.058201058201058142e-02 1.784468173537945290e-05
1.052631578947368397e-02 5.294665389999675398e-03
1.047120418848167603e-02 1.747292425369195712e-05
1.041666666666666609e-02 5.239187843038006775e-03
1.036269430051813510e-02 1.711266415371781591e-05
1.030927835051546372e-02 5.184860790479195458e-03
1.025641025641025640e-02 1.676343216727715912e-05
1.020408163265306041e-02 5.072432820356187477e-03
1.015228426395939007e-02 1.642478272678715712e-05
1.010101010101010187e-02 5.079517927612187123e-03
1.005025125628140718e-02 1.609629254328837078e-05
1.000000000000000021e-02 5.028435522328233986e-03
9.950248756218905283e-03 1.577755928128254936e-05
9.900990099009901110e-03 4.978370281109700812e-03
9.852216748768473017e-03 1.546820032549689472e-05
9.803921568627450844e-03 4.929292123366568745e-03
9.756097560975609748e-03 1.516785163424572147e-05
9.708737864077669061e-03 4.827565721086557460e-03
9.661835748792270070e-03 1.487616666917546127e-05
9.615384615384615918e-03 4.833982551602389321e-03
9.569377990430621636e-03 1.459281539295531616e-05
9.523809523809524669e-03 4.787696625022430652e-03
9.478672985781991245e-03 1.431748333269311502e-05
9.433962264150943036e-03 4.742288652833881457e-03
9.389671361502347630e-03 1.404987071262908671e-05
9.345794392523363789e-03 4.648060501766693164e-03
9.302325581395348708e-03 1.378969163345900029e-05
9.259259259259258745e-03 4.654008515688090597e-03
9.216589861751152066e-03 1.353667331249752692e-05
9.174311926605505096e-03 4.611089583231642308e-03
9.132420091324200406e-03 1.329055536380963076e-05
9.090909090909090468e-03 4.568954987557827252e-03
9.049773755656109406e-03 1.305108913252084335e-05
9.009009009009008931e-03 4.527583423441505772e-03
8.968609865470851886e-03 1.281803706021378275e-05
8.928571428571428076e-03 4.486954350344074527e-03
8.888888888888888881e-03 1.259117210361537786e-05
8.849557522123893682e-03 4.447047958409111601e-03
8.810572687224670421e-03 1.237027717460037479e-05
8.771929824561403022e-03 4.407845136262356078e-03
8.733624454148471161e-03 1.215514462504785342e-05
8.695652173913043584e-03 4.369327440495673898e-03
8.658008658008658001e-03 1.194557575612265055e-05
8.620689655172413673e-03 4.331477066735534009e-03
8.583690987124463490e-03 1.174138036086347370e-05
8.547008547008547868e-03 4.294276822208065170e-03
8.510638297872340566e-03 1.154237629119592157e-05
8.474576271186440649e-03 4.257710099695000139e-03
8.438818565400843172e-03 1.134838905159085698e-05
8.403361344537814762e-03 4.221760852826772492e-03
8.368200836820082963e-03 1.115925141714768642e-05
8.333333333333333218e-03 4.186413572598191024e-03
8.298755186721991708e-03 1.097480307565845692e-05
8.264462809917355601e-03 4.151653265059174203e-03
8.230452674897120041e-03 1.079489028121827232e-05
8.196721311475410263e-03 4.117465430114819469e-03
8.163265306122449716e-03 1.061936553847786513e-05
8.130081300813008990e-03 4.083836041361088576e-03
8.097165991902834092e-03 1.044808730110702299e-05
8.064516129032257841e-03 4.050751526889495580e-03
8.032128514056224161e-03 1.028091968136024548e-05
8.000000000000000167e-03 4.018198751039481209e-03
7.968127490039840499e-03 1.011773218895228865e-05
7.936507936507936067e-03 3.986164996998109444e-03
7.905138339920948082e-03 9.958399465048728416e-06
7.874015748031495954e-03 3.954637950246642220e-03
7.843137254901960675e-03 9.802801052671838988e-06
7.812500000000000000e-03 3.923605682772723924e-03
7.782101167315175205e-03 9.650821158224687224e-06
7.751937984496123923e-03 3.893056638025971239e-03
7.722007722007722189e-03 9.502348446321917663e-06
7.692307692307692735e-03 3.862979616573891661e-03
7.662835249042145198e-03 9.357275828403288642e-06
7.633587786259541687e-03 3.833363762404840003e-03
7.604562737642585508e-03 9.215500274439847317e-06
7.575757575757575968e-03 3.804198549875792423e-03
7.547169811320754776e-03 9.076922624640104686e-06
7.518796992481202590e-03 3.775473771229442832e-03
7.490636704119850268e-03 8.941447420696135850e-06
7.462686567164178962e-03 3.747179524693056152e-03
7.434944237918215265e-03 8.808982740138304735e-06
7.407407407407407690e-03 3.719306203092909158e-03
7.380073800738007166e-03 8.679440039571773013e-06
7.352941176470588133e-03 3.691844482980322084e-03
7.326007326007326001e-03 8.552734007682971651e-06
7.299270072992700489e-03 3.664785314237306579e-03
7.272727272727272721e-03 8.428782421798786118e-06
7.246376811594202987e-03 3.638119910130299672e-03
7.220216606498195203e-03 8.307506019544774745e-06
7.194244604316547137e-03 3.611839737798216987e-03
7.168458781362007162e-03 8.188828367838851818e-06
7.142857142857142634e-03 3.585936509149956208e-03
7.117437722419928461e-03 8.072675743875379339e-06
7.092198581560283516e-03 3.560402172154031319e-03
7.067137809187279060e-03 7.958977021438329302e-06
7.042253521126760722e-03 3.535228902486142744e-03
7.017543859649122938e-03 7.847663561655338071e-06
6.993006993006993001e-03 3.510409095542676994e-03
6.968641114982578391e-03 7.738669107748563647e-06
6.944444444444444059e-03 3.485935358779723714e-03
6.920415224913495020e-03 7.631929686890970288e-06
6.896551724137930939e-03 3.461800504375389664e-03
6.872852233676975814e-03 7.527383519168040493e-06
6.849315068493150305e-03 3.437997542184323407e-03
6.825938566552901092e-03 7.424970924763130142e-06
6.802721088435373896e-03 3.414519672999105637e-03
6.779661016949152345e-03 7.324634239580518624e-06
6.756756756756757132e-03 3.391360282066102627e-03
6.734006734006733712e-03 7.226317737085707904e-06
6.711409395973154217e-03 3.368512932877099075e-03
6.688963210702341018e-03 7.129967545260740280e-06
6.666666666666667095e-03 3.345971361207400463e-03
6.644518272425249325e-03 7.035531576438103230e-06
6.622516556291390723e-03 3.323729469383973623e-03
6.600660066006600740e-03 6.942959457578723459e-06
6.578947368421052266e-03 3.301781320792951391e-03
6.557377049180327863e-03 6.852202460994050170e-06
6.535947712418300852e-03 3.280121134594082832e-03
6.514657980456026350e-03 6.763213441285387262e-06
6.493506493506493935e-03 3.258743280643905393e-03
6.472491909385113575e-03 6.675946774947760787e-06
6.451612903225806446e-03 3.237642274616980842e-03
6.430868167202572275e-03 6.590358295976983527e-06
6.410256410256410034e-03 3.216812773320754104e-03
6.389776357827475772e-03 6.506405252348912427e-06
6.369426751592357008e-03 3.196249570179166000e-03
6.349206349206349201e-03 6.424046239850156326e-06
6.329113924050632813e-03 3.175947590892569394e-03
6.309148264984226935e-03 6.343241157225065763e-06
6.289308176100629269e-03 3.155901889273060590e-03
6.269592476489027968e-03 6.263951155993652264e-06
6.250000000000000347e-03 3.136107643214813834e-03
6.230529595015576148e-03 6.186138596930845779e-06
6.211180124223602064e-03 3.094619973389001188e-03
6.191950464396285200e-03 6.109766998108057123e-06
6.172839506172839164e-03 3.097254826750717172e-03
6.153846153846153841e-03 6.034800999810130406e-06
6.134969325153374377e-03 3.078187198489512610e-03
6.116207951070336442e-03 5.961206319682332833e-06
6.097560975609756309e-03 3.059352903032941384e-03
6.079027355623100280e-03 5.888949714094593446e-06
6.060606060606060601e-03 3.040747683498601361e-03
6.042296072507552865e-03 5.817998939505741873e-06
6.024096385542168988e-03 3.022367385921764793e-03
6.006006006006005954e-03 5.748322719600906794e-06
5.988023952095808747e-03 3.004207956170290572e-03
5.970149253731343343e-03 5.679890709764379153e-06
5.952380952380952051e-03 2.986265436957680208e-03
5.934718100890207931e-03 5.612673457555672485e-06
5.917159763313609329e-03 2.968535964978258335e-03
5.899705014749262455e-03 5.546642384501865308e-06
5.882352941176470507e-03 2.951015768122289273e-03
5.865102639296187678e-03 5.481769742132769352e-06
5.847953216374268681e-03 2.933701162807000884e-03
5.830903790087463463e-03 5.418028590664647481e-06
5.813953488372092943e-03 2.916588551396870344e-03
5.797101449275362389e-03 5.355392769246236639e-06
5.780346820809248269e-03 2.899674419705622341e-03
5.763688760806916049e-03 5.293836867537038415e-06
5.747126436781609116e-03 2.882955334593262364e-03
5.730659025787965440e-03 5.233336201726501713e-06
5.714285714285714281e-03 2.866427941644822397e-03
5.698005698005698290e-03 5.173866791885473049e-06
5.681818181818181976e-03 2.850088962925489966e-03
5.665722379603399701e-03 5.115405329103595022e-06
5.649717514124293766e-03 2.833935194810344171e-03
5.633802816901408751e-03 5.057929166607522120e-06
5.617977528089887485e-03 2.817963505896248222e-03
5.602240896358543464e-03 5.001416283345605507e-06
5.586592178770949900e-03 2.802170834973694014e-03
5.571030640668523694e-03 4.945845275106108829e-06
5.555555555555555768e-03 2.786554189071033250e-03
5.540166204986149597e-03 4.891195327871855625e-06
5.524861878453038444e-03 2.771110641566210120e-03
5.509641873278237068e-03 4.837446197836214878e-06
5.494505494505494934e-03 2.755837330359334203e-03
5.479452054794520591e-03 4.784578194971800258e-06
5.464480874316939886e-03 2.740731456095879537e-03
5.449591280653950758e-03 4.732572164378723301e-06
5.434782608695652023e-03 2.725790280468931570e-03
5.420054200542005415e-03 4.681409469853292649e-06
5.405405405405405705e-03 2.711011124553852625e-03
5.390835579514825088e-03 4.631071975680356445e-06
5.376344086021505805e-03 2.696391367214001633e-03
5.361930294906166322e-03 4.581542028869733940e-06
5.347593582887700224e-03 2.665665139341300005e-03
5.333333333333333155e-03 4.532802448498074455e-06
5.319148936170212637e-03 2.667619843384816392e-03
5.305039787798408214e-03 4.484836506613021356e-06
5.291005291005290712e-03 2.653463109844267365e-03
5.277044854881266303e-03 4.437627918463249443e-06
5.263157894736841987e-03 2.639455837919246761e-03
5.249343832020997302e-03 4.391160821626272082e-06
5.235602094240838014e-03 2.625595673117153694e-03
5.221932114882506595e-03 4.345419768903013846e-06
5.208333333333333044e-03 2.611880310140701766e-03
5.194805194805194801e-03 4.300389712774688178e-06
5.181347150259067551e-03 2.598307491613827125e-03
5.167958656330749571e-03 4.256055993412388716e-06
5.154639175257731860e-03 2.584875006831133248e-03
5.141388174807197571e-03 4.212404326686680633e-06
5.128205128205128201e-03 2.571580690574393202e-03
5.115089514066496583e-03 4.169420795285816439e-06
5.102040816326530205e-03 2.543618394392321846e-03
5.089058524173028369e-03 4.127091831396256794e-06
5.076142131979695035e-03 2.530744008788055055e-03
5.063291139240506424e-03 4.085404211373599992e-06
5.050505050505050934e-03 2.532505758720660083e-03
5.037783375314861326e-03 4.044345043752173297e-06
5.025125628140703592e-03 2.519743333923241124e-03
5.012531328320801727e-03 4.003901760807337951e-06
5.000000000000000104e-03 2.507108894213683215e-03
4.987531172069825311e-03 3.964062105676902092e-06
4.975124378109452641e-03 2.494600524005186060e-03
4.962779156327543420e-03 3.924814125699782608e-06
4.950495049504950555e-03 2.482216345752963349e-03
4.938271604938271504e-03 3.886146160869685673e-06
4.926108374384236509e-03 2.469954519009220917e-03
4.914004914004913883e-03 3.848046841170571497e-06
4.901960784313725422e-03 2.457813239513217951e-03
4.889975550122249368e-03 3.810505068813085927e-06
4.878048780487804874e-03 2.445790738305753109e-03
4.866180048661800615e-03 3.773510017790471238e-06
4.854368932038834530e-03 2.420483651170091122e-03
4.842615012106537761e-03 3.737051125884960356e-06
4.830917874396135035e-03 2.422095166294990776e-03
4.819277108433735364e-03 3.701118079124654514e-06
4.807692307692307959e-03 2.410418726475960227e-03
4.796163069544364180e-03 3.665700814892147719e-06
4.784688995215310818e-03 2.398854325309507374e-03
4.773269689737470386e-03 3.630789510378207297e-06
4.761904761904762334e-03 2.387400357946489748e-03
4.750593824228028714e-03 3.596374572367722067e-06
4.739336492890995622e-03 2.376055250039144084e-03
4.728132387706855677e-03 3.562446634575167081e-06
4.716981132075471518e-03 2.364817457024326330e-03
4.705882352941176058e-03 3.528996553203711528e-06
4.694835680751173815e-03 2.353685463423182966e-03
4.683840749414519902e-03 3.496015397175256112e-06
4.672897196261681894e-03 2.330239414107815321e-03
4.662004662004662001e-03 3.463494441025005699e-06
4.651162790697674354e-03 2.331732953877896364e-03
4.640371229698375677e-03 3.431425161348755637e-06
4.629629629629629373e-03 2.320909546348115526e-03
4.618937644341801312e-03 3.399799234138356496e-06
4.608294930875576033e-03 2.310186153791526920e-03
4.597701149425287293e-03 3.368608524123573034e-06
4.587155963302752548e-03 2.299561396290616955e-03
4.576659038901601841e-03 3.337845081663459723e-06
4.566210045662100203e-03 2.289033919198324440e-03
4.555808656036446254e-03 3.307501139193647077e-06
4.545454545454545234e-03 2.278602392562945056e-03
4.535147392290249553e-03 3.277569104120914290e-06
4.524886877828054703e-03 2.268265510564582144e-03
4.514672686230247929e-03 3.248041553050029506e-06
4.504504504504504465e-03 2.258021990965808357e-03
4.494382022471910508e-03 3.218911234448285086e-06
4.484304932735425943e-03 2.247870574596522175e-03
4.474272930648769478e-03 3.190171049105572365e-06
4.464285714285714038e-03 2.237810024820152677e-03
4.454342984409799359e-03 3.161814066565682424e-06
4.444444444444444441e-03 2.227839127045161405e-03
4.434589800443458976e-03 3.133833500701399544e-06
4.424778761061946841e-03 2.217956688228106543e-03
4.415011037527593815e-03 3.106222722148999082e-06
4.405286343612335211e-03 2.208161536401131997e-03
4.395604395604395601e-03 3.078975241432857501e-06
4.385964912280701511e-03 2.198452520206561900e-03
4.376367614879649731e-03 3.052084712962255253e-06
4.366812227074235581e-03 2.188828508450146870e-03
4.357298474945534190e-03 3.025544929258217053e-06
4.347826086956521792e-03 2.179288389656974800e-03
4.338394793926247418e-03 2.999349816512619782e-06
4.329004329004329001e-03 2.169831071644257037e-03
4.319654427645788601e-03 2.973493431923657226e-06
4.310344827586206837e-03 2.160455481109213594e-03
4.301075268817204297e-03 2.947969961031304820e-06
4.291845493562231745e-03 2.151160563214737920e-03
4.282655246252676899e-03 2.922773712388249123e-06
4.273504273504273934e-03 2.141945281203039286e-03
4.264392324093816550e-03 2.897899116671709407e-06
4.255319148936170283e-03 2.132808616000847479e-03
4.246284501061571050e-03 2.873340723130723973e-06
4.237288135593220324e-03 2.123749565853039201e-03
4.228329809725158740e-03 2.849093193812990421e-06
4.219409282700421586e-03 2.104642136750989323e-03
4.210526315789473589e-03 2.825151304008954867e-06
4.201680672268907381e-03 2.105860388071256750e-03
4.192872117400419513e-03 2.801509939143187466e-06
4.184100418410041482e-03 2.087072078167828693e-03
4.175365344467640502e-03 2.778164089445311902e-06
4.166666666666666609e-03 2.088270066390229829e-03
4.158004158004158235e-03 2.755108852170451428e-06
4.149377593360995854e-03 2.079584646013987737e-03
4.140786749482401954e-03 2.732339422717444677e-06
4.132231404958677801e-03 2.070971173864233350e-03
4.123711340206185662e-03 2.709851094628845658e-06
4.115226337448560021e-03 2.062428759626033781e-03
4.106776180698152104e-03 2.687639262699548226e-06
4.098360655737705131e-03 2.053956527616751515e-03
4.089979550102249874e-03 2.665699410542288206e-06
4.081632653061224858e-03 2.045553616480066950e-03
4.073319755600814281e-03 2.644027115916713910e-06
4.065040650406504495e-03 2.037219178898208582e-03
4.056795131845841729e-03 2.622618048064850882e-06
4.048582995951417046e-03 2.028952381306403652e-03
4.040404040404040401e-03 2.601467959273406905e-06
4.032258064516128920e-03 2.020752403616654647e-03
4.024144869215292089e-03 2.580572691091020943e-06
4.016064257028112081e-03 2.003445818083537944e-03
4.008016032064127925e-03 2.559928163670122103e-06
4.000000000000000083e-03 2.004549693343182781e-03
