4.000000000000000222e-01 2.302508036811090619e-04
3.333333333333333148e-01 3.250724134318261349e-10
2.857142857142856984e-01 1.175522174117205054e-04
2.500000000000000000e-01 3.250137936561259266e-10
2.222222222222222099e-01 7.113100309608100247e-05
2.000000000000000111e-01 3.249871483035349229e-10
1.818181818181818232e-01 4.762305451500026265e-05
1.666666666666666574e-01 3.249724933596098708e-10
1.538461538461538547e-01 3.409958098554710659e-05
1.428571428571428492e-01 3.249636115754128696e-10
1.333333333333333315e-01 2.561376264731407559e-05
1.250000000000000000e-01 3.249582825048946688e-10
1.176470588235294101e-01 1.994209924482959195e-05
1.111111111111111049e-01 3.249542857020060183e-10
1.052631578947368363e-01 1.596503360667966831e-05
1.000000000000000056e-01 3.249516211667469179e-10
9.523809523809523281e-02 1.306904443909573388e-05
9.090909090909091161e-02 3.249494007206976676e-10
8.695652173913043237e-02 1.089507214446783223e-05
8.333333333333332871e-02 3.249480684530681174e-10
8.000000000000000167e-02 9.221629257538666025e-06
7.692307692307692735e-02 3.249471802746484173e-10
7.407407407407406996e-02 7.906075122132705246e-06
7.142857142857142461e-02 3.249454039178090170e-10
6.896551724137930939e-02 6.853184070454432231e-06
6.666666666666666574e-02 3.249449598285991669e-10
6.451612903225806273e-02 5.997416866687643733e-06
6.250000000000000000e-02 3.249440716501794668e-10
6.060606060606060774e-02 5.292469916984288147e-06
5.882352941176470507e-02 3.249440716501794668e-10
5.714285714285714107e-02 4.704877813566099576e-06
5.555555555555555247e-02 3.249431834717597667e-10
5.405405405405405705e-02 4.209967264579006496e-06
5.263157894736841813e-02 3.249427393825499166e-10
5.128205128205128027e-02 3.789224162886739578e-06
5.000000000000000278e-02 3.249422952933400666e-10
4.878048780487805047e-02 3.428536645255775284e-06
4.761904761904761640e-02 3.249414071149203664e-10
4.651162790697674354e-02 3.116996211360856250e-06
4.545454545454545581e-02 3.249409630257105164e-10
4.444444444444444614e-02 2.846063172246005024e-06
4.347826086956521618e-02 3.249414071149203664e-10
4.255319148936170109e-02 2.608975151474623999e-06
4.166666666666666435e-02 3.249418512041302165e-10
4.081632653061224164e-02 2.400321010398442922e-06
4.000000000000000083e-02 3.249418512041302165e-10
3.921568627450980338e-02 2.215729322241344335e-06
3.846153846153846367e-02 3.249409630257105164e-10
3.773584905660377214e-02 2.051637558952990048e-06
3.703703703703703498e-02 3.249418512041302165e-10
3.636363636363636187e-02 1.905118890643819896e-06
3.571428571428571230e-02 3.249405189365006663e-10
3.508771929824561209e-02 1.773750778699678676e-06
3.448275862068965469e-02 3.249405189365006663e-10
3.389830508474576259e-02 1.655514183518391746e-06
3.333333333333333287e-02 3.249409630257105164e-10
3.278688524590164105e-02 1.548715528709720957e-06
3.225806451612903136e-02 3.249409630257105164e-10
3.174603174603174427e-02 1.451925712547819103e-06
3.125000000000000000e-02 3.249409630257105164e-10
3.076923076923077094e-02 1.363932053966010471e-06
3.030303030303030387e-02 3.249409630257105164e-10
2.985074626865671585e-02 1.283700121756936596e-06
2.941176470588235253e-02 3.249400748472908163e-10
2.898550724637681195e-02 1.210343190560791982e-06
2.857142857142857054e-02 3.249396307580809662e-10
2.816901408450704289e-02 1.143097640987633667e-06
2.777777777777777624e-02 3.249405189365006663e-10
2.739726027397260122e-02 1.081303002692379778e-06
2.702702702702702853e-02 3.249400748472908163e-10
2.666666666666666838e-02 1.024385678505268515e-06
2.631578947368420907e-02 3.249400748472908163e-10
2.597402597402597574e-02 9.718455773466416758e-07
2.564102564102564014e-02 3.249400748472908163e-10
2.531645569620253125e-02 9.232451021468079944e-07
2.500000000000000139e-02 3.249409630257105164e-10
2.469135802469135665e-02 8.782000016083202354e-07
2.439024390243902524e-02 3.249405189365006663e-10
2.409638554216867595e-02 8.363717594050967818e-07
2.380952380952380820e-02 3.249400748472908163e-10
2.352941176470588203e-02 7.974612010741566337e-07
2.325581395348837177e-02 3.249405189365006663e-10
2.298850574712643646e-02 7.612031454051759738e-07
2.272727272727272790e-02 3.249391866688711161e-10
2.247191011235954994e-02 7.273618716219232283e-07
2.222222222222222307e-02 3.249391866688711161e-10
2.197802197802197974e-02 6.957272633556499386e-07
2.173913043478260809e-02 3.249396307580809662e-10
2.150537634408602322e-02 6.661115605766099179e-07
2.127659574468085055e-02 3.249409630257105164e-10
2.105263157894736795e-02 6.383465525061637891e-07
2.083333333333333218e-02 3.249405189365006663e-10
2.061855670103092744e-02 6.122811910813652503e-07
2.040816326530612082e-02 3.249387425796612661e-10
2.020202020202020374e-02 5.877795317132950004e-07
2.000000000000000042e-02 3.249387425796612661e-10
1.980198019801980222e-02 5.647189484925263514e-07
1.960784313725490169e-02 3.249400748472908163e-10
1.941747572815533812e-02 5.429886105190462331e-07
1.923076923076923184e-02 3.249396307580809662e-10
1.904761904761904934e-02 5.224881327592356683e-07
1.886792452830188607e-02 3.249391866688711161e-10
1.869158878504672758e-02 5.031264338484220389e-07
1.851851851851851749e-02 3.249405189365006663e-10
1.834862385321101019e-02 4.848207022511985542e-07
1.818181818181818094e-02 3.249409630257105164e-10
1.801801801801801786e-02 4.674955258465729457e-07
1.785714285714285615e-02 3.249409630257105164e-10
1.769911504424778736e-02 4.510821018932631432e-07
1.754385964912280604e-02 3.249400748472908163e-10
1.739130434782608717e-02 4.355175597936522536e-07
1.724137931034482735e-02 3.249400748472908163e-10
1.709401709401709574e-02 4.207443531356602762e-07
1.694915254237288130e-02 3.249391866688711161e-10
1.680672268907562952e-02 4.067097338911196402e-07
1.666666666666666644e-02 3.249396307580809662e-10
1.652892561983471120e-02 3.933652776844098753e-07
1.639344262295082053e-02 3.249396307580809662e-10
1.626016260162601798e-02 3.806664605754406239e-07
1.612903225806451568e-02 3.249409630257105164e-10
1.600000000000000033e-02 3.685722957946779843e-07
1.587301587301587213e-02 3.249400748472908163e-10
1.574803149606299191e-02 3.570449962353450246e-07
1.562500000000000000e-02 3.249405189365006663e-10
1.550387596899224785e-02 3.460496804663648618e-07
1.538461538461538547e-02 3.249391866688711161e-10
1.526717557251908337e-02 3.355541129401728995e-07
1.515151515151515194e-02 3.249391866688711161e-10
1.503759398496240518e-02 3.255284584113837809e-07
1.492537313432835792e-02 3.249400748472908163e-10
1.481481481481481538e-02 3.159450785439332776e-07
1.470588235294117627e-02 3.249396307580809662e-10
1.459854014598540098e-02 3.067783360677367455e-07
1.449275362318840597e-02 3.249400748472908163e-10
1.438848920863309427e-02 2.980044246925217521e-07
1.428571428571428527e-02 3.249405189365006663e-10
1.418439716312056703e-02 2.896012190056751479e-07
1.408450704225352144e-02 3.249405189365006663e-10
1.398601398601398600e-02 2.815481221496440867e-07
1.388888888888888812e-02 3.249391866688711161e-10
1.379310344827586188e-02 2.738259512469198853e-07
1.369863013698630061e-02 3.249382984904514160e-10
1.360544217687074779e-02 2.664168228250218817e-07
1.351351351351351426e-02 3.249391866688711161e-10
1.342281879194630843e-02 2.593040400178381333e-07
1.333333333333333419e-02 3.249396307580809662e-10
1.324503311258278145e-02 2.524720081886755452e-07
1.315789473684210453e-02 3.249396307580809662e-10
1.307189542483660170e-02 2.459061452242394807e-07
1.298701298701298787e-02 3.249391866688711161e-10
1.290322580645161289e-02 2.395927984899515195e-07
1.282051282051282007e-02 3.249391866688711161e-10
1.273885350318471402e-02 2.335191848779061274e-07
1.265822784810126563e-02 3.249387425796612661e-10
1.257861635220125854e-02 2.276733206407755006e-07
1.250000000000000069e-02 3.249391866688711161e-10
1.242236024844720413e-02 2.220439592193201861e-07
1.234567901234567833e-02 3.249409630257105164e-10
1.226993865030674875e-02 2.166205383957731101e-07
1.219512195121951262e-02 3.249391866688711161e-10
1.212121212121212120e-02 2.113931363290078025e-07
1.204819277108433798e-02 3.249391866688711161e-10
1.197604790419161749e-02 2.063524147111195362e-07
1.190476190476190410e-02 3.249391866688711161e-10
1.183431952662721866e-02 2.014895952306972049e-07
1.176470588235294101e-02 3.249396307580809662e-10
1.169590643274853736e-02 1.967964009530476233e-07
1.162790697674418589e-02 3.249396307580809662e-10
1.156069364161849654e-02 1.922650314511997749e-07
1.149425287356321823e-02 3.249396307580809662e-10
1.142857142857142856e-02 1.878881339401061723e-07
1.136363636363636395e-02 3.249387425796612661e-10
1.129943502824858753e-02 1.836587659731492295e-07
1.123595505617977497e-02 3.249400748472908163e-10
1.117318435754189980e-02 1.795703714613239299e-07
1.111111111111111154e-02 3.249396307580809662e-10
1.104972375690607689e-02 1.756167526956176062e-07
1.098901098901098987e-02 3.249405189365006663e-10
1.092896174863387977e-02 1.717920508070847063e-07
1.086956521739130405e-02 3.249391866688711161e-10
1.081081081081081141e-02 1.680907226742078819e-07
1.075268817204301161e-02 3.249391866688711161e-10
1.069518716577540045e-02 1.645075191625267053e-07
1.063829787234042527e-02 3.249391866688711161e-10
1.058201058201058142e-02 1.610374611438203374e-07
1.052631578947368397e-02 3.249400748472908163e-10
1.047120418848167603e-02 1.576758386079291085e-07
1.041666666666666609e-02 3.249391866688711161e-10
1.036269430051813510e-02 1.544181813528666680e-07
1.030927835051546372e-02 3.249387425796612661e-10
1.025641025641025640e-02 1.512602452180544788e-07
1.020408163265306041e-02 3.249378544012415659e-10
1.015228426395939007e-02 1.481979983175563120e-07
1.010101010101010187e-02 3.249405189365006663e-10
1.005025125628140718e-02 1.452276174873645687e-07
1.000000000000000021e-02 3.249382984904514160e-10
9.950248756218905283e-03 1.423454629723153175e-07
9.900990099009901110e-03 3.249414071149203664e-10
9.852216748768473017e-03 1.395480744292854069e-07
9.803921568627450844e-03 3.249391866688711161e-10
9.756097560975609748e-03 1.368321607131406381e-07
9.708737864077669061e-03 3.249382984904514160e-10
9.661835748792270070e-03 1.341945856658810499e-07
9.615384615384615918e-03 3.249400748472908163e-10
9.569377990430621636e-03 1.316323698929977581e-07
9.523809523809524669e-03 3.249405189365006663e-10
9.478672985781991245e-03 1.291426672267448339e-07
9.433962264150943036e-03 3.249391866688711161e-10
9.389671361502347630e-03 1.267227669465853523e-07
9.345794392523363789e-03 3.249400748472908163e-10
9.302325581395348708e-03 1.243700853414964058e-07
9.259259259259258745e-03 3.249391866688711161e-10
9.216589861751152066e-03 1.220821514991143886e-07
9.174311926605505096e-03 3.249382984904514160e-10
9.132420091324200406e-03 1.198566184079652430e-07
9.090909090909090468e-03 3.249391866688711161e-10
9.049773755656109406e-03 1.176912309830413506e-07
9.009009009009008931e-03 3.249387425796612661e-10
8.968609865470851886e-03 1.155838429411915058e-07
8.928571428571428076e-03 3.249391866688711161e-10
8.888888888888888881e-03 1.135324003698201523e-07
8.849557522123893682e-03 3.249400748472908163e-10
8.810572687224670421e-03 1.115349443914226413e-07
8.771929824561403022e-03 3.249382984904514160e-10
8.733624454148471161e-03 1.095895925118384184e-07
8.695652173913043584e-03 3.249391866688711161e-10
8.658008658008658001e-03 1.076945519429273190e-07
8.620689655172413673e-03 3.249382984904514160e-10
8.583690987124463490e-03 1.058481013949119642e-07
8.547008547008547868e-03 3.249396307580809662e-10
8.510638297872340566e-03 1.040485901881993414e-07
8.474576271186440649e-03 3.249387425796612661e-10
8.438818565400843172e-03 1.022944466910757910e-07
8.403361344537814762e-03 3.249391866688711161e-10
8.368200836820082963e-03 1.005841534507112556e-07
8.333333333333333218e-03 3.249409630257105164e-10
8.298755186721991708e-03 9.891626318037083365e-08
8.264462809917355601e-03 3.249400748472908163e-10
8.230452674897120041e-03 9.728938810127374381e-08
8.196721311475410263e-03 3.249400748472908163e-10
8.163265306122449716e-03 9.570218972854149797e-08
8.130081300813008990e-03 3.249387425796612661e-10
8.097165991902834092e-03 9.415339041751735749e-08
8.064516129032257841e-03 3.249409630257105164e-10
8.032128514056224161e-03 9.264176403789292635e-08
8.000000000000000167e-03 3.249387425796612661e-10
7.968127490039840499e-03 9.116612709192395414e-08
7.936507936507936067e-03 3.249405189365006663e-10
7.905138339920948082e-03 8.972534670803611334e-08
7.874015748031495954e-03 3.249391866688711161e-10
7.843137254901960675e-03 8.831833131495159250e-08
7.812500000000000000e-03 3.249400748472908163e-10
7.782101167315175205e-03 8.694403730302724398e-08
7.751937984496123923e-03 3.249400748472908163e-10
7.722007722007722189e-03 8.560146147473801648e-08
7.692307692307692735e-03 3.249405189365006663e-10
7.662835249042145198e-03 8.428962861017907926e-08
7.633587786259541687e-03 3.249378544012415659e-10
7.604562737642585508e-03 8.300760612200974720e-08
7.575757575757575968e-03 3.249374103120317159e-10
7.547169811320754776e-03 8.175450361136427091e-08
7.518796992481202590e-03 3.249396307580809662e-10
7.490636704119850268e-03 8.052945599246186248e-08
7.462686567164178962e-03 3.249387425796612661e-10
7.434944237918215265e-03 7.933162882167721364e-08
7.407407407407407690e-03 3.249396307580809662e-10
7.380073800738007166e-03 7.816022495887864352e-08
7.352941176470588133e-03 3.249400748472908163e-10
7.326007326007326001e-03 7.701447524155469182e-08
7.299270072992700489e-03 3.249409630257105164e-10
7.272727272727272721e-03 7.589362560622703313e-08
7.246376811594202987e-03 3.249387425796612661e-10
7.220216606498195203e-03 7.479697350376568465e-08
7.194244604316547137e-03 3.249396307580809662e-10
7.168458781362007162e-03 7.372381771730829314e-08
7.142857142857142634e-03 3.249391866688711161e-10
7.117437722419928461e-03 7.267349388939692290e-08
7.092198581560283516e-03 3.249409630257105164e-10
7.067137809187279060e-03 7.164535942294492088e-08
7.042253521126760722e-03 3.249405189365006663e-10
7.017543859649122938e-03 7.063879348123691670e-08
6.993006993006993001e-03 3.249400748472908163e-10
6.968641114982578391e-03 6.965320142882092114e-08
6.944444444444444059e-03 3.249396307580809662e-10
6.920415224913495020e-03 6.868799662385072224e-08
6.896551724137930939e-03 3.249396307580809662e-10
6.872852233676975814e-03 6.774262528708163700e-08
6.849315068493150305e-03 3.249405189365006663e-10
6.825938566552901092e-03 6.681654607376685817e-08
6.802721088435373896e-03 3.249391866688711161e-10
6.779661016949152345e-03 6.590923984362007104e-08
6.756756756756757132e-03 3.249387425796612661e-10
6.734006734006733712e-03 6.502020211129888594e-08
6.711409395973154217e-03 3.249414071149203664e-10
6.688963210702341018e-03 6.414894260231562839e-08
6.666666666666667095e-03 3.249409630257105164e-10
6.644518272425249325e-03 6.329499546708916569e-08
6.622516556291390723e-03 3.249391866688711161e-10
6.600660066006600740e-03 6.245789974101967346e-08
6.578947368421052266e-03 3.249400748472908163e-10
6.557377049180327863e-03 6.163721844032465924e-08
6.535947712418300852e-03 3.249387425796612661e-10
6.514657980456026350e-03 6.083252257482740788e-08
6.493506493506493935e-03 3.249396307580809662e-10
6.472491909385113575e-03 6.004340535881169671e-08
6.451612903225806446e-03 3.249396307580809662e-10
6.430868167202572275e-03 5.926945911838288339e-08
6.410256410256410034e-03 3.249391866688711161e-10
6.389776357827475772e-03 5.851030238090970670e-08
6.369426751592357008e-03 3.249391866688711161e-10
6.349206349206349201e-03 5.776555944692063349e-08
6.329113924050632813e-03 3.249422952933400666e-10
6.309148264984226935e-03 5.703486749553121626e-08
6.289308176100629269e-03 3.249387425796612661e-10
6.269592476489027968e-03 5.631787924897935227e-08
6.250000000000000347e-03 3.249396307580809662e-10
6.230529595015576148e-03 5.561424698541372891e-08
6.211180124223602064e-03 3.249387425796612661e-10
6.191950464396285200e-03 5.492364696380036548e-08
6.172839506172839164e-03 3.249405189365006663e-10
6.153846153846153841e-03 5.424575721946212070e-08
6.134969325153374377e-03 3.249400748472908163e-10
6.116207951070336442e-03 5.358026822221972907e-08
6.097560975609756309e-03 3.249391866688711161e-10
6.079027355623100280e-03 5.292687799141049254e-08
6.060606060606060601e-03 3.249391866688711161e-10
6.042296072507552865e-03 5.228529476042353963e-08
6.024096385542168988e-03 3.249431834717597667e-10
6.006006006006005954e-03 5.165523697669982539e-08
5.988023952095808747e-03 3.249396307580809662e-10
5.970149253731343343e-03 5.103643196946450189e-08
5.952380952380952051e-03 3.249378544012415659e-10
5.934718100890207931e-03 5.042861239701323939e-08
5.917159763313609329e-03 3.249414071149203664e-10
5.899705014749262455e-03 4.983151713489064605e-08
5.882352941176470507e-03 3.249400748472908163e-10
5.865102639296187678e-03 4.924489660496078614e-08
5.847953216374268681e-03 3.249360780444021657e-10
5.830903790087463463e-03 4.866850922269350121e-08
5.813953488372092943e-03 3.249405189365006663e-10
5.797101449275362389e-03 4.810211695627231165e-08
5.780346820809248269e-03 3.249414071149203664e-10
5.763688760806916049e-03 4.754548976748651512e-08
5.747126436781609116e-03 3.249391866688711161e-10
5.730659025787965440e-03 4.699839983857145853e-08
5.714285714285714281e-03 3.249400748472908163e-10
5.698005698005698290e-03 4.646063977986614191e-08
5.681818181818181976e-03 3.249391866688711161e-10
5.665722379603399701e-03 4.593199376401457812e-08
5.649717514124293766e-03 3.249378544012415659e-10
5.633802816901408751e-03 4.541225528953418689e-08
5.617977528089887485e-03 3.249382984904514160e-10
5.602240896358543464e-03 4.490123117761868343e-08
5.586592178770949900e-03 3.249387425796612661e-10
5.571030640668523694e-03 4.439872203221284508e-08
5.555555555555555768e-03 3.249409630257105164e-10
5.540166204986149597e-03 4.390454133584853480e-08
5.524861878453038444e-03 3.249387425796612661e-10
5.509641873278237068e-03 4.341850523559287467e-08
5.494505494505494934e-03 3.249391866688711161e-10
5.479452054794520591e-03 4.294043920438639361e-08
5.464480874316939886e-03 3.249374103120317159e-10
5.449591280653950758e-03 4.247017004743725010e-08
5.434782608695652023e-03 3.249409630257105164e-10
5.420054200542005415e-03 4.200752012906150412e-08
5.405405405405405705e-03 3.249396307580809662e-10
5.390835579514825088e-03 4.155233801483859679e-08
5.376344086021505805e-03 3.249396307580809662e-10
5.361930294906166322e-03 4.110445717131483434e-08
5.347593582887700224e-03 3.249382984904514160e-10
5.333333333333333155e-03 4.066371905864230030e-08
5.319148936170212637e-03 3.249405189365006663e-10
5.305039787798408214e-03 4.022997979191700324e-08
5.291005291005290712e-03 3.249396307580809662e-10
5.277044854881266303e-03 3.980309193352127295e-08
5.263157894736841987e-03 3.249374103120317159e-10
5.249343832020997302e-03 3.938290538130218010e-08
5.235602094240838014e-03 3.249391866688711161e-10
5.221932114882506595e-03 3.896928424396151058e-08
5.208333333333333044e-03 3.249400748472908163e-10
5.194805194805194801e-03 3.856209396246867982e-08
5.181347150259067551e-03 3.249414071149203664e-10
5.167958656330749571e-03 3.816119731325784414e-08
5.154639175257731860e-03 3.249396307580809662e-10
5.141388174807197571e-03 3.776647305997471449e-08
5.128205128205128201e-03 3.249387425796612661e-10
5.115089514066496583e-03 3.737778531132107673e-08
5.102040816326530205e-03 3.249400748472908163e-10
5.089058524173028369e-03 3.699502348908367821e-08
5.076142131979695035e-03 3.249374103120317159e-10
5.063291139240506424e-03 3.661805214605351466e-08
5.050505050505050934e-03 3.249396307580809662e-10
5.037783375314861326e-03 3.624676958580153041e-08
5.025125628140703592e-03 3.249396307580809662e-10
5.012531328320801727e-03 3.588105457197343640e-08
5.000000000000000104e-03 3.249387425796612661e-10
4.987531172069825311e-03 3.552079652635597995e-08
4.975124378109452641e-03 3.249400748472908163e-10
4.962779156327543420e-03 3.516589286434168571e-08
4.950495049504950555e-03 3.249405189365006663e-10
4.938271604938271504e-03 3.481623167544967146e-08
4.926108374384236509e-03 3.249365221336120158e-10
4.914004914004913883e-03 3.447171303960772093e-08
4.901960784313725422e-03 3.249396307580809662e-10
4.889975550122249368e-03 3.413223526038677846e-08
4.878048780487804874e-03 3.249409630257105164e-10
4.866180048661800615e-03 3.379770330269593615e-08
4.854368932038834530e-03 3.249391866688711161e-10
4.842615012106537761e-03 3.346801591419534816e-08
4.830917874396135035e-03 3.249387425796612661e-10
4.819277108433735364e-03 3.314308338886462479e-08
4.807692307692307959e-03 3.249374103120317159e-10
4.796163069544364180e-03 3.282282090566468469e-08
4.784688995215310818e-03 3.249391866688711161e-10
4.773269689737470386e-03 3.250712765634489188e-08
4.761904761904762334e-03 3.249405189365006663e-10
4.750593824228028714e-03 3.219592503711510290e-08
4.739336492890995622e-03 3.249378544012415659e-10
4.728132387706855677e-03 3.188912556240097729e-08
4.716981132075471518e-03 3.249396307580809662e-10
4.705882352941176058e-03 3.158664929614474204e-08
4.694835680751173815e-03 3.249396307580809662e-10
4.683840749414519902e-03 3.128841408184257489e-08
4.672897196261681894e-03 3.249387425796612661e-10
4.662004662004662001e-03 3.099433509845539447e-08
4.651162790697674354e-03 3.249391866688711161e-10
4.640371229698375677e-03 3.070434351215567403e-08
4.629629629629629373e-03 3.249391866688711161e-10
4.618937644341801312e-03 3.041836116324247996e-08
4.608294930875576033e-03 3.249400748472908163e-10
4.597701149425287293e-03 3.013631566517460669e-08
4.587155963302752548e-03 3.249369662228218658e-10
4.576659038901601841e-03 2.985812930234033047e-08
4.566210045662100203e-03 3.249396307580809662e-10
4.555808656036446254e-03 2.958374167860711168e-08
4.545454545454545234e-03 3.249391866688711161e-10
4.535147392290249553e-03 2.931307507836322657e-08
4.524886877828054703e-03 3.249396307580809662e-10
4.514672686230247929e-03 2.904606777320850597e-08
4.504504504504504465e-03 3.249405189365006663e-10
4.494382022471910508e-03 2.878264959704779358e-08
4.484304932735425943e-03 3.249387425796612661e-10
4.474272930648769478e-03 2.852276681508669753e-08
4.464285714285714038e-03 3.249396307580809662e-10
4.454342984409799359e-03 2.826634082353507438e-08
4.444444444444444441e-03 3.249356339551923156e-10
4.434589800443458976e-03 2.801332010804458150e-08
4.424778761061946841e-03 3.249422952933400666e-10
4.415011037527593815e-03 2.776364782519635810e-08
4.405286343612335211e-03 3.249391866688711161e-10
4.395604395604395601e-03 2.751725869387655621e-08
4.385964912280701511e-03 3.249431834717597667e-10
4.376367614879649731e-03 2.727409587066631502e-08
4.366812227074235581e-03 3.249396307580809662e-10
4.357298474945534190e-03 2.703410384441440328e-08
4.347826086956521792e-03 3.249396307580809662e-10
4.338394793926247418e-03 2.679722932441563898e-08
4.329004329004329001e-03 3.249400748472908163e-10
4.319654427645788601e-03 2.656341990814325982e-08
4.310344827586206837e-03 3.249378544012415659e-10
4.301075268817204297e-03 2.633262052853524438e-08
4.291845493562231745e-03 3.249391866688711161e-10
4.282655246252676899e-03 2.610477789488641065e-08
4.273504273504273934e-03 3.249414071149203664e-10
4.264392324093816550e-03 2.587984537782972438e-08
4.255319148936170283e-03 3.249409630257105164e-10
4.246284501061571050e-03 2.565777146301684297e-08
4.237288135593220324e-03 3.249405189365006663e-10
4.228329809725158740e-03 2.543850907699152231e-08
4.219409282700421586e-03 3.249387425796612661e-10
4.210526315789473589e-03 2.522201070220830843e-08
4.201680672268907381e-03 3.249400748472908163e-10
4.192872117400419513e-03 2.500823104156779664e-08
4.184100418410041482e-03 3.249374103120317159e-10
4.175365344467640502e-03 2.479712168934611327e-08
4.166666666666666609e-03 3.249405189365006663e-10
4.158004158004158235e-03 2.458863956888990288e-08
4.149377593360995854e-03 3.249414071149203664e-10
4.140786749482401954e-03 2.438274426808106909e-08
4.132231404958677801e-03 3.249387425796612661e-10
4.123711340206185662e-03 2.417939048982020722e-08
4.115226337448560021e-03 3.249400748472908163e-10
4.106776180698152104e-03 2.397853382518633225e-08
4.098360655737705131e-03 3.249396307580809662e-10
4.089979550102249874e-03 2.378013874704265618e-08
4.081632653061224858e-03 3.249387425796612661e-10
4.073319755600814281e-03 2.358416484327108265e-08
4.065040650406504495e-03 3.249387425796612661e-10
4.056795131845841729e-03 2.339056992539667590e-08
4.048582995951417046e-03 3.249400748472908163e-10
4.040404040404040401e-03 2.319931491356896913e-08
4.032258064516128920e-03 3.249400748472908163e-10
4.024144869215292089e-03 2.301036650109722359e-08
4.016064257028112081e-03 3.249365221336120158e-10
4.008016032064127925e-03 2.282368738448781187e-08
4.000000000000000083e-03 3.249391866688711161e-10
3.992015968063871920e-03 2.263923537526579821e-08
